Time(ms),I,II,III,aVR,aVL,aVF,V1,V2,V3,V4,V5,V6
-200.0,1.286932271326271,0.0999987090456056,-1.1869335622807426,-0.7335865811078168,1.2815812644293534,-0.5654359763067145,0.2793843139394312,2.966752866441813,4.411544217427091,10.818969054906729,9.155421525030727,9.673946200020925
-199.0,-8.473892983496203,-15.943850815646535,-7.469957832150361,12.1736720011872,-0.4550243607985481,-11.732355986151607,3.823416190225303,2.9693358507805137,2.9229876164098862,5.757452808423388,11.95460388819287,5.9504301581529315
-198.0,-5.1665758626931675,-10.437260763432857,-5.270684900739625,7.770242449046066,0.022457759816528602,-7.805718441549857,3.0684627462237373,1.751709565819495,-0.6509705466637848,-2.815875714521507,-6.553405783920555,-2.2186430883800003
-197.0,3.3920628764909906,4.896418360841037,1.5043554843501665,-4.096541001540074,0.9153163703379785,3.165823043687192,-0.8739979257206003,0.7037140054512142,0.3918515301476241,-1.2859325267181767,-11.665408786365306,-4.683819942910098
-196.0,8.59751254802861,14.498216759746187,5.9007042117176844,-11.581239084349223,1.3189698579995865,10.24266970390384,-6.49299286282952,-9.34475625292622,-4.775744734473895,-7.761297447197474,-14.447674169634663,-10.626020813771555
-195.0,12.454763789704755,13.02818958306063,0.573425793355907,-12.700350205139063,5.987073439074039,6.846784746235556,0.6105077361361388,-3.14272826867505,-3.7799582094833433,-2.6565662941384423,-2.2408515370655024,-3.1228439362400398
-194.0,-17.059237566663644,-19.438172690544878,-2.3789351238812744,18.285087750269916,-7.376678067906505,-10.935934583515568,-3.958202451911294,-1.2097143026556676,-2.4714212503907023,-0.7809629933725593,3.6298844196344575,1.6464481766758083
-193.0,-11.844292684079015,-6.517373782170872,5.326918901908083,9.134521582988155,-8.547649425175702,-0.6168932458104015,-0.19086074970142403,3.695929187475696,2.8171687269945775,7.815457472834548,10.386286710622176,5.834925177625939
-192.0,-0.9757667533607597,1.6404673760598252,2.616234129420561,-0.380891244561294,-1.7612635854831113,2.1104323615850653,10.924208080628224,10.700658808116138,8.815945355899986,7.943292278501532,13.456946033842911,10.040671519056657
-191.0,9.493458686727028,-1.8193848466934406,-11.312843533420455,-3.8068824882333905,10.357727138581957,-6.583378256664529,6.427434624033815,4.254905052843893,5.243017565172665,-0.1777374447979465,4.93524889271857,7.334053531343125
-190.0,5.187154686701547,-2.515701554386153,-7.702856241087662,-1.3035639111537725,6.400320159345538,-5.128443640513816,-7.826933159409297,-7.083586785728878,-4.845699133808273,-7.501017852456745,-4.524243593380407,-7.702080095536137
-189.0,0.36074082658340956,5.547629347538594,5.1868885209552085,-2.918764172726884,-2.3761302048032995,5.42420045612365,-8.619598187869789,-9.963114282187506,-7.86575774910223,-6.882913865871813,-9.080246607261614,-9.222662782115817
-188.0,6.315858661409439,17.75573901099785,11.439880349588377,-12.076022743161339,-2.5204193322700537,14.574669126426953,-0.43592928885470883,1.4880335294974687,-3.5185323161752406,0.4472727456165235,-8.79313755716111,-4.753217337772239
-187.0,-2.7691595959292545,-2.7078170224317244,0.06134257349746086,2.699721471089006,-1.4468268057983567,-1.2664521761736163,5.603063124216764,6.929534382373655,4.941038953955324,3.992703126351758,-6.496265234050912,0.5978572007081238
-186.0,-2.1619310052289658,-5.365608208661504,-3.2036772034325995,3.8026562286327943,0.4945072564413602,-4.3031838886871245,2.5073080649722836,-1.0249755937903444,1.9418186310684193,1.5560322359173813,0.27093366648703654,-0.5842202144760094
-185.0,-10.176468263141336,-11.461634276756852,-1.2851660136155116,10.775680451323879,-4.3900072029914625,-6.3877991603475,1.1352529494634502,-0.05365859166113052,0.864955336767103,-0.7428223904518187,11.572288629849922,7.778589005509308
-184.0,4.410432502621344,-0.23040518190927006,-4.640837684530541,-2.0593905299634665,4.502374270479798,-2.447138733541665,0.30025040631829825,3.8141275535299517,6.890023221563566,6.694424232107099,9.776323130508992,7.505934039335103
-183.0,3.786864404402359,5.362398488643461,1.575534084241168,-4.548306934963504,1.0779294845530685,3.457635438844515,-1.4991691456205936,-2.7776725551610673,-1.9772343676432214,0.3876081949355257,2.8602785918487665,-2.0541697104926913
-182.0,1.7691065956688754,1.0509891550193875,-0.7181174406494265,-1.4647395930428497,1.2858692270372003,0.15235227136120044,-4.571671642785775,-5.6315032902655755,-6.554411414340995,-3.358553996912306,-4.381542943378005,-3.4074239800285273
-181.0,-1.7039489946491586,3.4926144034175746,5.196563398066759,-0.8696663216550147,-3.498623014111729,4.325751128604837,-4.844201093931864,-2.825835106129442,-5.393162676572695,-5.299688649829359,-8.808456845761821,-2.487135590380437
-180.0,-9.204966675249729,-4.04491008361924,5.160056591630488,6.652861817942878,-7.164957355346,0.6122252377076332,0.5535027027954829,2.7620731999690546,-4.337317760048496,-4.516906558004443,-6.018000181964237,-2.57379474633051
-179.0,-1.218460164587238,-3.26099081094073,-2.0425306463535216,2.272328268002796,0.4185000201344997,-2.6016765468222665,5.3799675347271645,2.6410047560874514,4.294783026432359,0.20113330016441666,-0.23983449404791646,-1.5525267958384015
-178.0,0.2536261182185804,-8.442106375008198,-8.695732493226824,4.052493865809807,4.474327172178016,-8.601106609760395,5.218628428571774,5.473378597678981,9.13728503288214,5.042755448902817,4.1802727705178775,1.1172123999715624
-177.0,5.7804062956136715,-2.8569086394323415,-8.637314935046017,-1.5007096241882851,7.207613846010348,-5.78217123482877,4.222966577571898,1.6213634235820265,3.552330881168089,4.729575962646225,4.507067211766168,4.875967164168525
-176.0,6.441453746642095,10.103287400760891,3.661833654118861,-8.310430393276397,1.3938298611372844,6.844717440758531,-0.6553827795754006,-2.0914801377763306,2.4344198586297425,4.739650238676352,3.9531549089708258,0.7485280799710314
-175.0,3.851032861471218,15.850279988508229,11.999247127037137,-9.810076185617715,-4.05998689425666,13.96283365735989,-5.012356602215456,-5.7583511663564675,-4.405499786719012,-3.3719020456627895,0.4945467569584916,1.3445374651569062
-174.0,-1.692890572043861,4.102712194672842,5.795602766716845,-1.1641085687588644,-3.7177759929680474,4.984783096598169,-7.743331338360628,-3.1549330816596894,-10.783354577375082,-7.285643400751319,-3.6802218378441456,-7.3921106304237965
-173.0,6.309348742964584,4.542889578801303,-1.7664591641631895,-5.383926704512026,3.9971349637159364,1.3438240876353027,-3.5549946439650832,2.0257370826753553,0.29232143991767323,-1.3453806404485067,1.454375047235024,0.08790550048928081
-172.0,-2.241335819210439,-9.178467878467934,-6.937132059257483,5.67564848851017,2.3151888065857937,-8.022791829216855,2.636677290531293,3.0187292368014287,1.696012967458755,-0.27561246985982857,-3.788460777464193,1.003962478691812
-171.0,-14.076318769694089,-22.20653586070483,-8.130217091010772,18.109242277660655,-2.923677954985635,-15.20915562510484,8.05894871855353,4.644525166436687,9.046569701946567,6.2682877592693975,-0.2073424317661514,1.8103648970065285
-170.0,-7.259473137332534,-5.414384569652009,1.8450885676804756,6.305292192988931,-4.582630282652716,-1.7414932732807014,3.5387198849095975,-1.4193727769453575,1.4753104162595236,3.030514860424317,-2.6353539702939974,2.5093825215266197
-169.0,-1.7892578429120514,3.7193550457840194,5.508612888696011,-0.9195830356999508,-3.682709758362445,4.585165344988237,0.26106816584560955,-2.5867543834723916,-6.577055054412832,2.4448728450216155,0.8774716181785752,3.05884820657952
-168.0,7.9629383791207475,9.31457326833627,1.3516348892154793,-8.675695018480567,3.347225773090271,5.311516768167847,-5.095985019432044,-3.732885524470693,-3.6314015027655526,-6.450028816474111,-2.0801647789212065,-0.21618122739928003
-167.0,4.974264188605835,9.547318422614833,4.573054234008977,-7.2238604463705975,0.24085978349199877,7.1234954219957665,-1.9468580914573281,-0.5354484566855735,-0.227244454463164,-5.752579178031287,3.012167052481971,-4.8988249526608945
-166.0,5.977101149791258,1.990751714903153,-3.986349434888084,-3.9522320864260276,4.944781162305298,-1.0098795463959194,-1.9037509280345966,-0.2881654801430258,0.008937892838048134,-3.754272819136854,5.245120669184394,-2.6488684831493776
-165.0,-3.555325178418639,-7.0513040047625655,-3.4959788263438965,5.2512484763087475,0.01580039110405007,-5.286583664442677,3.5273273213958376,6.511236224932394,7.030342607652877,4.686901554717401,5.28988370513794,-1.6328565628087952
-164.0,0.7175403761575647,-4.534545234557212,-5.252085610714753,1.9306578528671317,2.955475715783502,-4.911948710121187,-0.9697519489810678,2.092958569853167,5.667023439911293,6.917715511023303,-1.1633599955197753,-0.7243468951505626
-163.0,-5.324826818434365,-0.5442867552240647,4.780540063210299,2.952835089558628,-5.079805409861012,2.0896505121453086,1.6712591947558404,-2.610738316000727,-4.7428339773981705,2.942695749364682,-5.810121676445735,2.6123634486128084
-162.0,0.16280680184991514,1.9243103385069262,1.7615035366569693,-1.1068743711279714,-0.8271707730190618,1.881203589696037,-1.0636935890538368,-3.9094493646330486,-9.543725416584616,-3.6008935261050614,-6.466806658174325,3.094638423635432
-161.0,1.5336809255554456,3.0538569784491125,1.5201760528936268,-2.2794375380461513,0.05416646412480608,2.314100760399726,-0.46437911682902133,-1.7219194623605398,0.34612340957650467,-3.0037648757663926,-8.883949161910202,-0.64791246732153
-160.0,-1.836187329516773,-0.4692926549692914,1.3668946745474946,1.1685350149075013,-1.6379874709714586,0.38966739927725225,-0.043860131522439144,-0.6700022824113192,0.09861962769332222,-1.9716016395295526,-2.303146491316097,0.41081414370246133
-159.0,7.562942996026132,9.347725826370347,1.7847828303443116,-8.435036662642267,2.926317096907475,5.584355624935851,-0.6189604246067835,5.021509779232358,5.7239876716143545,3.7175112515892117,13.275301302094839,6.367576612049369
-158.0,2.411633802955424,1.4952908149724569,-0.91634298798281,-1.9259499464362357,1.6974835819474825,0.31277887871039517,1.0847508353032405,4.092230214964125,5.145391503285838,0.02270708974833123,12.519395082694786,2.1809785043383525
-157.0,-5.679451570693031,-13.542243368769457,-7.862791798076283,9.568298052976086,1.0444453303115733,-10.668284810450913,4.568790715541232,-0.23723765669264352,2.259494440966872,2.460929277399119,10.383995084781443,-1.5842305267399739
-156.0,-7.091593033693004,-6.948565725745364,0.1430273079477158,6.985854738420491,-3.586341608921314,-3.433199130226207,-2.4116935691299926,-1.349938130413714,-3.45313676852519,-3.0188124468910864,-3.3927078752091018,-3.998308585452905
-155.0,0.2972698926180537,2.0180206153310927,1.720750722712969,-1.107063088130423,-0.7594086082880078,1.852800606658504,0.3612941665863787,-7.025617019897022,-8.069686924308252,-1.992749228209004,-13.452985493225965,-12.847662669360863
-154.0,11.015075201214737,9.355442375485733,-1.6596328257291693,-10.211137595059608,6.3685934549870185,3.8417211875107493,-3.755212413726117,-0.6969628214933419,-3.4850282946290903,-1.7616400533433574,-12.025952268122897,-6.001499312648141
-153.0,-1.7916322977241599,5.181889655937674,6.973521953661667,-1.644524300477367,-4.430115930862996,6.0763960913325334,0.3539982575196141,1.6075236041580163,2.386105351214218,-1.452247251397958,-7.365766077018743,2.5897659532965487
-152.0,-14.128186963534775,-13.81350131315246,0.3146856503822515,13.936003359600939,-7.190353199298008,-6.751900591158964,-6.877523115805528,-0.27292755545782743,2.1070870951367233,0.48076702254241954,5.98692282976637,11.046219850611447
-151.0,-0.15957926001678802,2.5456957656010566,2.7052750256178824,-1.237856386280102,-1.4014968820273397,2.6166465295567813,5.426659847438541,6.399494766366655,8.090743530966378,8.48685001480267,5.871822783283301,11.857040614540479
-150.0,8.433276436160671,9.239586478353564,0.8063100421929927,-8.813587598082277,3.8440153367853975,5.0831304550765815,6.119826078713501,2.540180996273368,-0.18406152906320905,5.73881664611745,3.4754365663787548,1.2011260290849188
-149.0,9.505031905100868,2.311971153288985,-7.193060751811816,-5.89532736513277,8.29970687817651,-2.470204843188278,-0.6604242782116163,-7.097735028687277,-5.8759200860673,-4.405810897228034,0.9968024916083715,-6.702937979171239
-148.0,2.7159854981658524,-6.270911516203623,-8.98689701436951,1.784684184998587,5.799890599236429,-7.669264266426329,-1.4424152670394106,0.07292539662253761,0.7984817589421223,-4.8436656412656225,8.489580014774944,-3.1598062295894547
-147.0,-12.698844623649926,-7.749047914125813,4.9497967095240405,10.230108372911966,-8.800302941305421,-1.3703291190551279,0.26712492271543153,-0.07252561501212962,-1.47822634475139,-3.5463217690248414,0.18544937611401835,-2.7958895126267853
-146.0,-6.923510630097308,-1.073611112574301,5.849899517522952,4.008221006766728,-6.366235460031287,2.410520380963339,-1.4385670710975074,-0.3775449517201177,-1.915092528375717,-3.779687389613991,-9.792216313852142,-2.538610183425117
-145.0,1.9132725937121648,-6.157353138805092,-8.070625732517268,2.1380774810044496,5.009177351584494,-7.096402652519748,-3.0744865276197375,1.220799863471541,0.02713917762347029,-5.059700122812034,-3.5982770341406702,0.8949554675017555
-144.0,9.70894925318633,15.8827218561689,6.173772602982611,-12.851615857308202,1.7821465985920524,10.963995479904238,3.4860420533059653,3.103401014529844,4.996432820016246,7.654186577485834,5.553010691425207,4.235038874990652
-143.0,4.416496144212449,8.634049840698113,4.217553696485764,-6.496866537556588,0.11166929851713447,6.438453518637484,-0.23544884618105044,-1.2841086417629293,1.2672541051937045,8.962011744578188,-0.5901771934189556,-1.8307565349428558
-142.0,6.210849224523195,8.914221826054138,2.7033726015310577,-7.6099846644258164,1.684715545101396,5.820659212766378,-0.5232901741269443,0.5466278276590828,2.0711580959628266,7.051438337001615,3.3306174836701468,0.06309294908501373
-141.0,-4.658294943445366,-7.092710766082832,-2.434415822637354,5.907346910554164,-1.1047857909594412,-4.751271654381752,1.6122231238744393,-1.8624931813260386,-2.2122093551224666,-3.203405407588584,-2.000900404825381,1.9211257817260263
-140.0,-14.862703869126149,-17.06823678155817,-2.2055329124319347,15.996621642264792,-6.323320647148929,-9.622567319881298,-2.336984281117205,-4.530416208464705,-7.557064745818925,-10.035817311300505,-4.975413314961711,-1.4766629980297985
-139.0,-9.48395834237019,-8.590023425694097,0.8939349166761303,8.98886363735894,-5.183501671635257,-3.9084675702456506,-1.969649399180485,1.6856529711888375,-1.5525587479487752,-4.180888919291122,-1.5887785317052265,1.722116718185811
-138.0,1.4367812020481563,0.979029918509366,-0.45775128353878713,-1.1766001273256252,0.9563022182151011,0.2851527852522846,-0.35975399513263706,3.4807689672722137,5.2594397362774306,2.683132692686045,-1.5069117557457856,-0.9955990525348487
-137.0,13.808589709755628,8.4247523176688,-5.383837392086844,-11.083163726325518,9.612818522398191,1.5531173346579767,0.4523208037012524,1.0773759441238184,-1.0319213553088846,-0.475127589438741,4.0021399516586955,-1.1534308172828838
-136.0,6.1321158341183,0.3042502718092699,-5.827865562309061,-3.260170753107775,6.007518861131951,-2.7986253984684515,6.5516159078089204,-0.6892674371546301,3.8645798873421406,3.359603494040417,4.120643499151359,-0.48213779947589525
-135.0,-0.8742797694366171,-0.018123308538791072,0.8561564608977897,0.4075448812682625,-0.9038545959464974,0.46986012803840094,0.5306181673474359,-2.0362500167446873,2.7557911017730174,0.9958495693599128,5.358803140121263,1.9605471147267588
-134.0,1.524516825727174,5.504673474114808,3.9801566483876014,-3.4722015510132733,-1.25438777419863,4.721191985373043,-4.681245723551747,-0.6820819026845024,-4.354763922233959,-4.68993061275968,-8.950129249827949,-6.026545472477282
-133.0,-1.6097463695854701,3.5755250522538633,5.185271421839325,-0.9401393809068137,-3.414491446251831,4.361957121663007,-1.983359134494754,2.6695066613766,-0.7048157125651797,2.081128627590826,1.797818809987659,0.20520571193384107
-132.0,-7.87228338251736,-0.8942043045239997,6.978079077993352,4.345176408143986,-7.357612593468004,3.021564832777959,3.089936981477646,1.0767583966161933,1.6599915459343908,5.145600817212867,0.12096760199122802,7.408798324125886
-131.0,3.4748895450887374,-0.09427534140933558,-3.569164886498076,-1.7326963984915142,3.5123268313138296,-1.779470641593159,1.3327109185151578,2.227989537478072,-0.4951710532588353,1.2600308362315567,1.0307288467508564,5.668455663732795
-130.0,0.36427894295120766,-0.8455046692520742,-1.2097836122032541,0.27135063474362875,0.7746369799249787,-1.0625775234726,-0.46916078952499457,-5.482344823218947,-2.8954748264846635,-2.649696178426824,-0.06189005486221366,-2.3911757706113126
-129.0,-0.6786626450536489,4.685529811409232,5.364192456462963,-1.9780017263204548,-3.039941718380613,4.982024007621672,-5.887578302533307,-3.252785519480099,1.2757661166519267,2.1907301789664113,1.9944073057279683,-1.708120810436201
-128.0,-1.3117270923925486,-4.596692713467518,-3.284965621074844,2.897737986807506,0.9598177636064409,-3.9093524016503247,4.6117052016130735,-0.26898526389409616,0.9179264927740063,-5.6548827485313025,-2.4518801626148967,-3.858820506333063
-127.0,-2.2883121857620448,-7.58526538954798,-5.296953203785828,4.959466032640564,1.547326585034881,-6.408605090722334,-2.381635728253786,2.4816057026209104,-4.045201441915177,-4.882816951251495,-3.2313836956403272,-4.738185889111026
-126.0,-0.8768933241784682,-10.590274097502446,-9.713380773323944,5.760554833016073,4.452991276006981,-10.112655926495727,1.5626902425844047,3.290444976009434,2.300240036772337,-3.3677403171816214,-6.701939557791055,-7.9234865632315445
-125.0,0.27368154318866056,-0.9494382986565417,-1.2231198418453038,0.3719812026400421,0.6976049639512896,-1.1154320463066032,0.9662697461062948,5.776479405567224,4.68728900943409,8.040532606009906,4.636637525028738,2.1212186740509367
-124.0,8.469390685670609,7.919683622350295,-0.5497070633204919,-8.23149347034081,4.532305977002457,3.6667134113973536,2.0484305103051166,0.5997523841582089,3.718813383600726,7.732550600356882,7.995438225554663,13.074893068176532
-123.0,1.992622458703356,9.308519240916837,7.315896782213272,-5.682036305470833,-2.6427533336266222,8.301798321207894,-1.9753822541897508,-9.093484579479135,-3.792975688654754,-1.6076276629184019,2.4317550293148207,4.808169763433684
-122.0,-7.032698036686948,2.2757513009537407,9.308449337640539,2.4268542853852777,-8.233253037751362,5.784217665230852,0.10631515740686176,-1.6992272141445595,-3.6306017474382393,-0.8513379353023262,0.9662558035011886,4.982077866674991
-121.0,0.1039130160545847,5.917774982502382,5.813861966447746,-3.0452399260636307,-2.8405969755753433,5.854696806717595,-3.7847311205551,-2.259466390600757,-4.078771582409269,-3.247062783707881,-8.672730824752664,-8.983724992637281
-120.0,-0.9811778074447406,0.8306141429474538,1.8117919503922446,0.03284685479652505,-1.3822721973397363,1.3024825680263765,1.3410633558015255,2.2439047309002835,-1.5682510991806693,-5.823639992062104,-6.343408467292081,-8.30280736803163
-119.0,5.365140853493406,-1.2457875961951084,-6.61092844968839,-2.032793930517118,6.004091182174463,-3.877824942596436,-2.706664306098612,-0.44610534043744066,0.15828267970697987,-0.1793350365991242,5.3019826889671755,-0.8852311764350853
-118.0,1.877156493118672,-0.7075484760357931,-2.584704969154343,-0.5655890993827963,2.2510173144697,-1.6045422260853544,6.1405442851105,5.893223599008898,8.413069248413848,5.157814825261523,8.243216150340631,5.609628621351455
-117.0,-9.084569928803996,-18.478618132535882,-9.394048203731817,13.79734979021196,0.10195676670789666,-13.980288639342689,-0.6143466818182137,-0.6001211152870018,0.8489600052929425,-1.1623012987621792,-3.841764559646565,-1.4685020010008256
-116.0,-5.332767095591183,-8.36286051066271,-3.0300934150715406,6.8650712315954765,-1.118427203157423,-5.665728492833079,4.237655612780985,1.4032610389247546,3.284000845317828,3.151584648420961,-4.8064506958353,0.07119785171720328
-115.0,0.9172745561921709,4.340545403607029,3.42327084741477,-2.6063472889382946,-1.291864174035863,3.8325514080684857,-1.3817525337538907,-0.2705579293963606,-1.7643025226138946,5.357815438823666,1.9329810658418438,3.865253946898246
-114.0,8.25901901061205,8.035973529042355,-0.22304548156982396,-8.196975948479738,4.286863903406508,3.85828505837357,-5.525921171922127,-0.417318756401845,0.4283309401469433,2.5327061306487755,3.626958296302352,-0.8295442605186798
-113.0,6.382532125421192,9.226900676060856,2.8443685506395484,-7.848522535554824,1.7401410197342113,6.06984023853836,-1.7227887632337295,1.6180605736946845,-7.301430485297396,-8.27140681567467,4.127126702679732,0.9036615491235592
-112.0,5.433007761233494,3.4826680705904254,-1.9503396906431387,-4.4196076718488735,3.7428182473429583,0.8061318127572052,0.7829527481999372,-2.93366892697732,-5.19288015428244,-9.749523941824748,-3.2258234610886656,-0.28572268766268605
-111.0,-7.211850064542851,0.5075276898565995,7.719377754399452,3.3127358394106916,-7.494683967177503,4.160186000623447,1.5041144453975273,-3.790900887025524,2.3301110787007624,0.08394709300094494,-4.9003623537277505,-7.916232448921541
-110.0,-7.9309129369764335,-5.058164531810173,2.8727484051663446,6.534158192942583,-5.434536001666276,-1.1190305676861274,2.0635155370120826,-1.6965971765060304,3.9476925207509566,2.3609376347095123,-3.770226647528758,0.47741186618261233
-109.0,-6.6342277938307275,-1.3561729746807591,5.2780548191500785,4.036029500162824,-5.993170034404448,1.9368043268605377,-1.4543908665046508,-0.5514688150194137,2.9793311913650187,6.2643985535611195,1.655141070285332,3.824173370979087
-108.0,0.37400472878526125,4.0746179367891155,3.7006132080039387,-2.258958236254502,-1.62465209893724,3.8604778840778082,-1.5901533977638496,-1.9307002917678648,-3.2014038820121136,1.7455893742701072,-4.376609348203383,0.25785582481583114
-107.0,9.292325695502072,1.1630214462029813,-8.129304249299068,-5.256888637573316,8.749216056397419,-3.5184045768690457,4.825712595775177,9.097699116371514,2.9012646288989945,3.4749515600935035,5.291387582454789,5.3107136497591325
-106.0,9.291869548323639,1.1989055041751162,-8.092964044148545,-5.189207102173278,8.733713932956803,-3.4147792092312255,-1.0008920528954057,3.958125231931923,0.9652197526331031,-0.017357145105439953,4.279209918033139,4.700934508961537
-105.0,-0.04014355768538724,-16.17215435898426,-16.13201080129891,8.08985978013869,8.013335179437707,-16.130955493824487,-2.017224172596982,0.9116363557997689,0.5538521261218972,-1.714663457936924,6.734593136373309,1.7813865494303527
-104.0,-9.141400032535312,-14.226432184029452,-5.085032151494165,11.671932313337104,-2.0561120790159793,-9.642482893828277,-3.244039245051128,-6.01937198764584,-2.5873786426203274,-5.206715483262524,2.5376230140761873,-8.114638967272969
-103.0,-10.498758177898532,4.682365295179344,15.181123473077864,2.897518316111623,-12.865374986281834,9.942194075875783,4.499554456069537,-3.620564179796844,0.8647211637313825,-1.2934437339977962,-1.861975259715055,-8.972945621319825
-102.0,-2.033478127899998,7.4343708615802,9.467848989480194,-2.7128588695419347,-5.776652448029628,8.463819068639364,0.5381138525485036,-0.8730543294980291,-4.614238837827067,-1.3582546851074553,-12.019910589360101,-6.429996758241661
-101.0,6.565048456539369,15.41680532213682,8.851756865597423,-11.007201508248531,-1.0936572455708227,12.073944473624994,0.5209333899909708,3.6620511594140535,2.9402793324531427,0.31039707042052195,-11.977556474021757,-2.526345526728645
-100.0,10.407494623234859,18.278679398886826,7.871184775651914,-14.285230842769197,1.313795412812851,13.100118088299226,-2.1429453864663515,1.9405733574282547,1.292654063782916,3.7344565361366517,5.324855165593494,7.476129634813313
-99.0,11.691799954297693,5.222936294806526,-6.468863659491231,-8.482528639729454,9.043911090319543,-0.5920937323606403,-2.0957172828188746,0.41123724991175203,-1.831966321872974,0.2216828040301202,14.795122948891365,20.13527976175956
-98.0,-2.1978590672784586,-19.570878105837252,-17.373019038558837,10.934349560199893,7.5499364483268,-18.516415373552693,-2.2166003270873342,-3.766548780302944,-2.8489366724786986,-0.5806941290981507,6.30733247836638,2.9555245239217776
-97.0,-15.72633194280434,-25.421464914107702,-9.69513297130336,20.54163387917327,-2.972975219113785,-17.60152363055962,-0.0022858057204706017,-3.690901108703137,1.818700404498832,2.25438430787343,-3.6556645031978867,-6.003013486022822
-96.0,-10.257308211624249,-3.8236509712851774,6.4336572403391425,7.003908693576385,-8.377467995951639,1.340737641854675,6.003704473550837,0.8393892604439188,0.8029729573388523,-0.34537403667956856,-11.47463354636789,-10.59228498536732
-95.0,2.6682724901255277,13.620203387385265,10.951930897259865,-8.107781376675614,-4.089158993751366,12.322433913251222,2.6978616476146517,4.796925254004179,4.697835805416135,3.674542963204546,-7.53847010097821,-4.814569121755346
-94.0,7.522967728794332,10.36911620602731,2.846148477233137,-8.995254832248532,2.3185767929792793,6.645979141692303,0.3194776397720438,5.850024743398458,4.606765910682246,0.28652153687598725,1.1316909164328268,2.5998214235091686
-93.0,0.33526278822039046,0.7168522314255821,0.38158944320526844,-0.5035544627711213,-0.0380194864797454,0.5120630858464157,-1.5123635409244476,-2.619701110553934,-6.516730337084157,-8.473308284911532,5.770650058350619,0.9661310880802643
-92.0,7.875998618646275,6.109804313034282,-1.766194305612026,-6.976029322605573,4.808650877016394,2.1382333137608733,-6.089083524949085,-2.8079449920008983,-4.090810293343794,-0.8138990153720154,13.675463969343411,3.301522235781157
-91.0,0.8707616891084635,-7.484938790564956,-8.355700479673526,3.3210446581499236,4.600065188792987,-7.95113441324432,-2.9049927012798538,-5.284567910432442,-3.696360935303131,-3.2704515334074884,1.8414949317714457,1.124307570921304
-90.0,-1.9350521407879655,-6.065133921986173,-4.130081781198325,4.014444808458407,1.1595560520215002,-5.048599037211881,4.575312996335043,1.2252434983064364,2.8287889791705747,3.7524757519918754,-0.3168667006213176,0.7825637586808505
-89.0,-9.781351615509106,-4.54249123909727,5.238860376411788,7.100972171922978,-7.532129743379979,0.3962845614106971,2.2373306563591724,2.983851276184603,7.07861743583725,5.002967864525679,-4.671481984868143,-1.7972649023214882
-88.0,-4.8463624503446034,-0.6097926597129988,4.236569790631644,2.751476875162693,-4.569055130259313,1.780114292842112,0.850990492123245,3.1379639010075655,-0.716730962497909,2.914200149770617,-10.65474332828827,-3.9802992223164813
-87.0,0.39815613378415593,6.817879716482525,6.419723582698454,-3.5780644337149035,-3.042530109903805,6.582013297510683,1.6567095872947504,-2.269300105843606,-2.331015502181694,-1.4707203726507645,-8.759631456846186,0.8538461313034746
-86.0,9.783082246814875,9.446536391369884,-0.3365458554448759,-9.657264508525635,5.105426617946595,4.5151313760366545,-5.897960507695397,-3.413481480915629,-4.376583018170756,-0.05170587557723466,0.7373477699059601,1.8135588525154467
-85.0,1.4256306586869574,-0.7496748970471252,-2.1753055557339604,-0.29647262264153795,1.8480117819691486,-1.4247643086029012,-3.7200113270616555,-1.481714093210584,-0.7198151581794914,-4.711010054417403,5.24856186058592,0.31232225090138144
-84.0,8.285051950398353,-4.133091913344678,-12.41814386374295,-2.1096740073688482,10.325072795610655,-8.236242693183208,4.1695345182100745,4.167653946639697,5.401825297260715,-0.5971797869459405,13.795365040757712,4.6068120078896335
-83.0,-6.347068843178998,-9.83421317549143,-3.4871443323124023,8.058717231772961,-1.4506283698627125,-6.617279194902532,5.753155772521353,2.3813555008986627,2.250897798863182,-0.8676553762371797,6.479532823352395,-1.927539901341244
-82.0,-8.414219604363328,-7.090250529626799,1.3239690747364885,7.799195546401312,-4.884722193199012,-2.9140271307135004,0.6658020334646908,-1.176452586017697,0.09983519941975572,1.1866322416698583,-3.549603072242288,-5.051380437616697
-81.0,1.431938107633557,9.811661090730428,8.379722983096784,-5.576168338949446,-3.4870299222486327,9.066975294749426,-0.09095856980382894,1.0216342252638266,-2.927855896856708,1.200086259924435,-6.263773000593941,0.20599201885203433
-80.0,-1.8887640516117683,9.915006689038664,11.803770740650307,-4.04896151309104,-6.781690739816677,10.828305954841557,-3.0168613226169483,-1.2425241499904962,-2.6645461095403875,3.169676646148262,-7.226209458737382,1.0757262646187882
-79.0,3.571207453204541,5.367913377996635,1.7967059247919632,-4.5094003293343565,0.8684496183300365,3.622523398236137,-3.2990304445293566,0.10086309404573623,2.0687856243082394,1.9155690389452138,-3.9510385877117082,3.92168288410265
-78.0,2.067286841486,0.8087151402207804,-1.2585717012653141,-1.4038929156049293,1.6367196184841168,-0.2743780572027378,-7.550364557287495,-1.7019649212301848,0.5623653754277331,-2.0958959732251756,2.791035460502901,0.8614557909083738
-77.0,2.037605097587865,-11.970927584004913,-14.008532681592754,4.917425785261523,7.988199089493463,-12.971433428190386,3.0201984561079667,-2.959575948417553,-0.616678302847083,-2.9761733818008085,3.7489467725862258,-2.3270129438270706
-76.0,0.8248373970940908,-9.138489979333276,-9.963327376427221,4.183276820208544,5.4299513174166005,-9.539773111566891,6.139721272560585,-4.517560948231941,-5.36417872137031,-3.783944369680371,3.3568182244675175,-4.108217366529878
-75.0,-3.1430871036466645,2.7589759938378586,5.902063097484791,0.21802903347142655,-4.492351730871868,4.341349688635963,6.131066652964529,6.398015240664975,5.927375883951552,2.9383573148805375,3.5716811731661813,0.8927673648868468
-74.0,-2.239372252742821,4.955497620443586,7.194869873186698,-1.3297854874165398,-4.689196443041152,6.093430125867005,1.9363192645312983,6.717315756010137,4.0124962872979655,1.957524331149372,-5.774372560333134,0.7972176216881685
-73.0,-4.000203147162147,-0.6751272725899713,3.3250758745723275,2.2913667377063076,-3.7123963432444262,1.3565982603793953,-3.5925764149376875,0.8631953318345849,-1.9924057491428067,0.520752264588646,-4.852590806730277,-0.4880409579566538
-72.0,-2.023391419546275,-0.2205335905522654,1.802857828993968,1.1587504329125453,-1.9591791486993366,0.7595009666908865,-4.157151950690665,-2.7430092099856167,-1.6097229166906781,1.0594078705066363,4.357868020780839,6.276123274506047
-71.0,9.404689384964819,2.486217858712658,-6.918471526252403,-5.9847214212147835,8.199524040531438,-2.2348719459431687,-3.938385356306444,-3.8630581367551384,-2.3133140792949547,-2.305943072565594,9.182918299488119,-0.4442060868376574
-70.0,2.043838103591766,-0.58117514222891,-2.625013245820994,-0.7707316498775287,2.377998204954431,-1.6152065793327515,1.0363619351408007,-0.6565517421326885,-0.479577885682803,1.1181814224154794,-2.092839176151961,-5.219621288573919
-69.0,1.113306686217741,2.7105704511822157,1.5972637649642591,-1.8757585357587998,-0.2722973281458312,2.1406167252682384,-2.8684781827039894,-1.1779461896630743,1.0054048936392983,0.023316235418888068,-4.092324212256386,-2.5396029701090104
-68.0,-0.5993284819459895,5.503875701602508,6.103204183548403,-2.4216737813994977,-3.378560968796532,5.782304851796663,1.9966366049247735,-0.9483199327007972,2.8025942162651667,-2.6737973076045387,-4.654931802942536,2.9279468851137147
-67.0,-4.099821123102487,-2.5758770245090146,1.5239440985933554,3.3614986875304878,-2.7600363118622573,-0.4800270106201421,5.940365633373405,1.7122271849320336,-2.761069988591862,-0.25555423473756056,-2.9153741762925973,3.288938518009934
-66.0,-11.662594631223522,-9.622870343440194,2.039724287783182,10.580410607464701,-6.880609080992825,-3.756969453190032,2.5986894597462644,0.02587984489744488,-1.0696828384288286,0.40087637950134436,-4.25176601906787,-0.7799731532863168
-65.0,-1.1343686361978085,-10.781645988318937,-9.647277352121128,5.968002796097221,4.221862166815743,-10.266416988981275,1.5769996731377218,1.8877031980565704,-1.7711369218815851,-1.277508260190912,1.4112403323562475,-4.633519534929049
-64.0,8.307270231278942,3.2739750213932135,-5.033295209885566,-5.785204112802603,6.707658258186983,-0.8554108922033938,-2.7174128077816126,0.11012725007664914,3.2016676939490534,2.382562723969482,8.857588941351072,-1.9030772739190167
-63.0,16.66869567649413,16.793043800285265,0.12434812379147075,-16.727134896018697,8.302483580211204,8.485540118946796,-11.42401055832343,5.285343672640664,7.157276573004273,5.350536604774885,10.613997859729398,6.481116962689385
-62.0,9.26874891192419,17.501988373910734,8.233239461986877,-13.379608883162463,0.46340095544132964,12.821766838890312,0.013844524532596658,-1.0840794704081012,2.5624828169848257,3.684118238608606,4.007553267824987,4.060766126273057
-61.0,-17.818345544175806,-14.847632377939563,2.9707131662363606,16.3448200652602,-10.373671786570899,-5.898527263045794,8.524386358486527,-5.139955683090092,-10.289236376916811,-6.665742257480125,-11.744886753372356,-5.24520757011474
-60.0,-9.083918765297664,-10.06454213579304,-0.9806233704955245,9.517090190889313,-4.031153624586906,-5.555800027542894,3.7171742480840453,-0.12083884285051383,-3.828768217503403,-2.659447757685498,-10.65544291447205,-1.655367247433436
-59.0,-4.660000891126462,-4.416222061187896,0.24377882993824523,4.5720900225583545,-2.5071167389298052,-2.1167940851261746,-0.34030979795745786,-1.736985841954247,1.4016322743804066,-1.3090930882976513,-2.4374548199289894,1.4324121743757392
-58.0,5.857560964340122,4.030850405961854,-1.826710558378624,-4.897143120182369,3.8715751328483794,1.1496667228072979,-0.3864928846605673,1.8826397993799566,4.575532132261108,-0.4475468066642505,5.2186262855087175,1.6439001998857001
-57.0,2.1119301564194792,3.4209729636811557,1.309042807261393,-2.786736093000382,0.4383845578087384,2.3309112099040528,-1.8308140851792454,-0.682008387769333,-0.18262339773602232,-1.729049440577848,6.6679729789751505,-0.6495799250504937
-56.0,-6.5981531657452095,-11.109209395327326,-4.5110562295822705,8.840760604963108,-1.078251431479882,-7.769315435140447,-8.411845720394831,-0.789017828110312,-2.2051773278068145,-2.3128637590144736,2.8981173069876593,-4.3650589352139
-55.0,-1.9296601928787736,-0.05385201657998115,1.8758081762987588,0.9806428646743597,-1.8541895946206264,0.8697261777933705,-2.4761009453431857,-0.49090093121091116,-1.7242279009182473,3.7131958327183234,-1.008821288148929,-2.724453003891444
-54.0,13.844581840804192,7.749894494242142,-6.09468734656198,-10.81207402285968,9.939644974407427,0.8631053908083788,7.675132443715631,0.6090272302447466,0.9417497877545465,5.916591290746307,-4.819475703567041,2.752748244995328
-53.0,2.287792402438072,6.5271900482231135,4.239397645785194,-4.429814535786979,-1.010143715895599,5.418101118870112,4.110123897926577,2.5981124975938408,2.194368614255779,3.3865294778365618,-3.924333675860848,3.637786114773564
-52.0,3.439728485401802,10.172450432782485,6.732721947380899,-6.757924965483859,-1.688183070208086,8.40856945270313,-0.3400197523345061,0.6644318363951459,1.9315338611265682,2.118643254160891,-1.3739394840157955,4.4173330109352476
-51.0,0.22468135159742997,0.8301364162966918,0.6054550646994885,-0.5638966670333668,-0.1605515485158424,0.6734511026172982,-0.20182560018665374,3.7673081565243156,4.9045754667812025,-3.2857566520679082,4.610473278988108,2.4030051680756213
-50.0,-6.228273317586799,-10.805957413700199,-4.57768409611324,8.557894945021406,-0.7991004624716642,-7.658577299674414,-0.37442910464532764,-1.2100635953680314,-2.8429195813192742,-6.488818814693672,5.846928162044626,-4.657736153871803
-49.0,-12.415700964957594,-12.991427196669665,-0.575726231712028,12.747431186006997,-5.891588043069696,-6.752403781750086,0.20417717811710046,-2.027236909751414,-5.133257313499949,-7.358594080916701,-0.3215549526327286,-7.545628644135995
-48.0,6.993987744149395,-1.5214863765809117,-8.515474120730396,-2.765286430981959,7.791058482654648,-5.068746705478295,-2.2756907811706673,-6.830758263324406,-4.417881917895362,-1.3577561530930145,-1.2604952800240736,-2.850138183446543
-47.0,0.17313311381135693,1.6995957383925684,1.5264626245809203,-0.9597658634560007,-0.7080600038965794,1.638536780486604,0.5639504584172119,1.4307036924797125,1.866021955600587,11.03235568057203,-2.3018147647896536,8.120782090770819
-46.0,0.05930466805936474,6.335684191396968,6.2763795233371695,-3.2183125833157495,-3.129886013932967,6.328384444817977,-3.466247112077987,3.087486441829114,2.47030893915061,3.863109619310829,-1.3231491385716247,6.324471475367645
-45.0,2.116971895918162,13.43448045896225,11.317508563043718,-7.798553145335594,-4.6163733981059645,12.394845503776532,0.3622569104357135,4.621820799762126,5.70801546386553,3.0384942116123224,0.4602450983269817,-0.12372383493236416
-44.0,-0.20024549982940965,-1.7942654419806017,-1.5940199421512764,1.0468202409038412,0.6792212806755776,-1.758114400744124,1.5434019650028157,-5.4752430246943415,-1.38932675887744,-6.0746850125303204,-1.6413498233978634,-9.964995936575814
-43.0,-4.918639446444688,-12.74734287011648,-7.828703423671614,8.794788679174872,1.4295394903680507,-10.27779990095267,0.9352171758291754,-0.5497717107759301,-2.064722028906684,-7.761559803915225,-0.2684365206640817,-4.853347462803644
-42.0,2.0559884548141394,-4.869093989838458,-6.925082444652223,1.4376742693659468,4.532394169605017,-5.891245191326802,-0.08374867890300863,-0.6040112825315815,-3.053188112643771,1.4133923825206312,1.9363710495457842,0.9786674531899116
-41.0,9.624399580734641,7.106615619930624,-2.5177839608036905,-8.342378335674244,6.101604841459569,2.297192760637044,1.8434036687280042,1.0045325050405338,-1.1685378838106462,1.1268876641020245,3.1285386882584554,7.506392977282594
-40.0,-0.1473450459032195,6.296313855225455,6.443658901128831,-3.057093288890818,-3.2731531258113487,6.372212686331433,1.437429855246505,4.235651776829814,0.14177861837995837,6.31305221537616,-1.7747979456923924,5.2434179945720265
-39.0,-5.2147553609227835,1.5493676913827614,6.764123052305534,1.7676036659871497,-6.0491819270491005,4.161665663576404,-1.6639086849942455,-1.165021226426489,3.16486401972401,1.736776921167341,-3.086915608965066,2.9711894855090346
-38.0,-1.7067835433944767,-3.108272003792783,-1.4014884603984505,2.418578820132398,-0.13225068261130213,-2.2441474417976015,-2.052073818197958,0.7103525955252747,4.163427225811787,2.1507135221727687,-2.1301424881172055,-4.705311096270802
-37.0,-2.8468254746600357,-7.211432857848653,-4.364607383188859,5.037747067340358,0.7839689703087018,-5.769388685943261,-0.27029847281221486,-0.1385056865229658,-2.139579310165233,-6.36836398066237,2.6647635346332863,-2.7086126270709605
-36.0,-0.9497311494067492,-6.817911719403825,-5.868180569997343,3.889576467043619,2.411439861176272,-6.394801800522091,-1.0089395527715233,-3.7632795727809083,-3.8436727296249886,-5.484845603085453,2.7201169923780144,-4.5630059260871985
-35.0,-3.597074202166163,0.5861241903059873,4.18319839247195,1.5078175515970196,-3.8540699057649066,2.4188245728345215,2.3563275428171604,-1.2722976935505916,-0.19066688278343036,-1.0378430621889785,1.1069324344871443,-4.6700108204680335
-34.0,0.9129493217441945,4.102325474391214,3.189376152647058,-2.508909595118932,-1.1778961462907163,3.6060851861798997,0.49652073670587304,0.9572494853143256,2.1121304307199518,4.050227458654007,-0.5507869002591823,-1.1466423996185202
-33.0,3.3861313958003696,4.080347256683965,0.6942158608837723,-3.7375883851994582,1.3855855858120532,2.4283884117079824,0.36615715011082983,-0.4842105727133572,1.0704018830776267,0.3639402838488164,0.837865354605013,6.367583195059312
-32.0,11.257294600714983,16.910384577542363,5.653089976827575,-14.089712306548789,2.761694409519308,11.243940012358971,-3.366857355004267,5.049440396146241,2.911256117614528,4.897103517563831,0.5520240953162947,11.266494862521135
-31.0,10.40821261030458,10.533374468675518,0.12516185837093063,-10.475556593575536,5.177927071202059,5.36869166912461,0.4333140936319546,1.039615527211549,-5.279461850647289,1.8574605811099865,-4.743784493132275,1.6955575946752983
-30.0,-2.1450057577302752,-11.573034925913149,-9.428029168183114,6.858812547080786,3.597833544474232,-10.541792342538287,-1.1815933758949548,-3.3670476302117507,-0.2414189532624409,-0.33986934430288873,-0.8858967645855582,-1.4586810609902208
-29.0,-14.26608129908682,-16.17880057216766,-1.9127192730811364,15.230382461870963,-6.141548370298581,-9.009938833903298,4.13749518763905,-5.071170716734293,-2.0816774319733637,-2.8352579213788354,3.1298769270156224,-6.840032608772571
-28.0,-16.52743347530712,-12.38448167736733,4.142951797939621,14.474833102826832,-10.29871154735075,-4.086166996570342,2.016479675927757,0.8140102331564409,-0.6350166581727563,-5.449522867668734,0.5310964963114577,-5.791816112215336
-27.0,-8.763409967711059,-8.636225689129601,0.12718427858141634,8.730667543968671,-4.485945636474134,-4.299680517960045,-1.2152476617573238,-0.6639808931043333,0.9307966468744493,-1.9792467401949856,-3.39811798405577,-5.451209427309802
-26.0,10.090265224344547,6.938771468488765,-3.1514937558557232,-8.55161657960162,6.659388604211096,1.8473409692030491,0.4745840320272443,7.633848534287943,3.283511089570492,-0.012951475855989325,-4.5813155696096235,0.13984514970293294
-25.0,14.68373665314073,9.970649146585487,-4.713087506555091,-12.356544593149104,9.65619541260235,2.6597908320588974,0.5524593307756454,7.391696909644833,6.729586833555847,5.428658367211002,-0.4241032482923375,4.468628510885223
-24.0,4.7867263171268615,5.166747993144709,0.3800216760179697,-5.002207381892752,2.1566644683937994,2.8027045120190035,-4.611302524592879,-0.9819795079474161,2.2663685638616142,2.421627977254617,1.9946492152450976,2.6445757949778357
-23.0,4.198570079284422,12.338697490774948,8.140127411490576,-8.214809487156343,-1.9444700065798428,10.266928387692294,-1.4254984957386683,-6.238910552860347,-5.38585437278051,-0.21597760089034956,11.324525873993009,10.522473864260228
-22.0,0.22659857330012312,8.644628967590817,8.41803039429064,-4.461835191627918,-4.074337265029079,8.478283539589054,-1.4147853002651878,-9.862479569552765,-3.928068041143136,3.2465161500366655,13.417160899272305,9.036713588080596
-21.0,1.0024258260111556,-0.28361380348772436,-1.2860396294989096,-0.3083063551464713,1.16356085895326,-0.7607647232759558,-0.22186219028419385,-2.961291776297331,-3.4131151572778173,4.520437392032017,0.4929729355810255,-5.960116793120001
-20.0,-3.6804336459730966,-9.841098094457305,-6.16066444848416,6.732758543364949,1.2613375690150181,-8.056596231315716,0.5863077096032734,-1.6879383021781413,-4.586416470440737,-10.001271952321096,-20.99618311563998,-17.223513558404107
-19.0,-15.241033029314519,-13.442532909642903,1.7985001196717407,14.314842804661199,-8.571831476287239,-5.798684724543186,5.371234441281468,4.934291970668543,-3.5421339815008777,-9.273027570757845,-18.638439407225853,-7.596407173844671
-18.0,-5.635459660622936,-5.370899301925812,0.26456035869726646,5.5570432292597705,-2.915907540671853,-2.527583407482685,4.833809901295567,9.186211914921593,6.051533043988635,1.5284682428268122,-1.2980200332216683,4.495650798171227
-17.0,4.65294770069546,-6.7263438477317266,-11.379291548427164,1.0139740318831585,7.978651932006228,-9.022967584853381,0.6811952741926601,6.0918177985512845,7.754128244324516,4.025400883616297,9.122970427135478,7.680690972607586
-16.0,1.5446648875293336,-6.657915364118311,-8.202580251647767,2.5353109895967685,4.919867415330604,-7.473719524447197,-2.578685647574095,1.5303066779349739,6.035499642382552,-0.934867117946697,14.945301451552131,2.3609436807321034
-15.0,4.803155011324409,12.453819836084524,7.650664824759907,-8.649594295385718,-1.4546308052459338,10.092516143440966,-3.627333785913956,1.3026182754880415,7.361017769638628,4.882596008149721,8.782176097117164,-0.973004201854593
-14.0,0.9331478149146744,14.93212423819849,13.998976423283674,-7.875861073673621,-6.565395098511645,14.429864890501559,-3.0206606759621035,-10.070322087868187,-1.8413449347304103,7.935293299766652,3.9085166828220412,2.1596282203480284
-13.0,3.213035455809461,12.855224959838328,9.642189504028792,-8.057460707468826,-3.171884812275859,11.212370013366145,-0.6865360406906913,-7.599202782594508,-7.464925167688573,4.052044483229956,-3.609219859901172,6.766164844200192
-12.0,-1.1464106892334778,-2.629505035907383,-1.483094346673977,1.8635444061533244,0.12868021798966978,-2.018196119706353,-0.9981526476874815,-9.424453840040155,-22.462600252166823,-6.592899396015878,-14.868927650963858,-5.80849162841901
-11.0,0.5773994937432918,-4.0656122265594385,-4.643011720302812,1.7982708675794954,2.647522533413711,-4.3233023286948065,-1.202780485934937,-1.3394745799307963,-10.126355228937229,-1.5866168400731553,-3.1486002383330636,2.2877652254319862
-10.0,12.074675964723411,-9.820160105667187,-21.894836070390404,-1.150772282767898,17.02315447511525,-15.913473032374576,0.6030786369856942,10.921577148815024,7.7743122788145245,-11.697531427766755,-4.914008227423245,-7.830219138224101
-9.0,-0.0832237241321766,-24.25346705376895,-24.17024332963637,12.147118543052317,12.006878937515772,-24.19655032169762,7.490300957039077,21.18053559279495,19.94158682421435,-8.983929519411914,-2.105676847700255,-13.870415231203602
-8.0,-16.813113592273947,-1.1464577002138334,15.666655892060536,8.961708466891245,-16.27147079681578,7.270320341097719,4.47483732764003,-3.2828326017132383,11.675301049352747,7.337818161500143,5.780561140066982,2.524137588284603
-7.0,-8.663388598800843,26.429475719906346,35.092864318707456,-8.818997642654505,-21.826450190194432,30.7695634887244,-2.147867045983928,-3.553005721441285,12.386957114017576,13.284884479184388,18.569514284825726,16.938830499137833
-6.0,4.088557763242737,17.167708462263867,13.079150699020746,-10.640106388548354,-4.520083328561022,15.133106553879268,-5.30831861247057,-2.835420583713478,-2.9295733338815655,6.4976569794143435,5.544013146332904,14.318671205375157
-5.0,1.9107417276180538,5.564488940182166,3.6537472125634354,-3.74841388985124,-0.8971635248684158,4.622117965024336,-3.206929209413687,-11.588876012909346,-17.102833771133373,-1.589304951483689,-10.62416812841542,-2.2392789465044842
-4.0,9.24850675778706,-10.925341894749895,-20.173848652537608,0.8266269428866933,14.76039005041541,-15.61154301906543,0.662093681692709,1.8168065579370039,-3.4892040902541943,0.3915016422393927,-11.882719489016743,-12.507288791607813
-3.0,0.2358391074849049,-19.220535981610787,-19.456375089096092,9.477459338937013,9.810942804762995,-19.31882153201966,-0.8309366744576845,-1.0614674589757567,-13.478865003694345,-2.467115160578638,0.4991417753308225,-8.914629414296012
-2.0,-1.0933112738214947,-18.7446595034161,-17.651348229594753,9.899731093243824,8.238464954670864,-18.177369388490746,3.6048822291919493,-5.931762088259712,-19.52486737248908,-10.685903014871322,2.507764743869505,-5.866702305537561
-1.0,-1.625171883296161,5.175268746968246,6.800440630264417,-1.7198727807649723,-4.177727738255466,6.007588996908134,1.4343395740180858,1.7471110485468506,2.536812741690159,-0.5937759563277716,3.1284183942556822,4.242686984134972
0.0,-1.1250389321721181,4.915452446362947,6.0404913785352825,-1.921872948580098,-3.547292703572751,5.416826985759367,4.316488848960056,20.00351373501887,29.922042519469585,-5.906110070440739,-6.46121280838759,1.1196722803834884
1.0,1.7609290683886032,15.69903977654984,13.938110708161634,-8.679268222094901,-6.049393512356471,14.834008419786798,1.0617851453462523,6.3395634317760425,22.62073263838878,-3.0408591579368554,0.07453615674467495,9.242826004277624
2.0,-10.675051134748063,4.441419800375263,15.11647093512388,3.08875485831837,-12.929860521845306,9.79348331889234,-6.343620831821413,-20.129677682144543,-19.39217185166556,-3.8139607181711455,-1.0244411094530608,1.3075771483897478
3.0,2.2253373896425845,7.029949870571262,4.804612480929281,-4.655398818466366,-1.318826505714049,5.933166928905165,-9.237224135032461,-8.793672657416415,-18.929522069618912,5.33467888224032,7.2230748387081904,-1.0131664412831967
4.0,15.121979408280065,19.92126165208737,4.79928224380771,-17.54987702617448,5.134714775140892,12.379958462389977,-4.073878298193188,-12.910683898070005,-5.177785202596455,22.887167051378167,21.98505672035316,14.391534664894547
5.0,-1.027861775304225,-19.216161138361144,-18.188299363056814,10.170332607316702,8.5532549162188,-18.755690828869895,7.429540643821914,24.074630656865764,33.89155475774952,12.82978031195867,-3.6385609603250426,-7.900014142654553
6.0,0.593319578357445,-34.14654301008046,-34.73986258843826,16.820668346908768,17.7159482185564,-34.41178139654604,7.467946216171328,16.87420412500155,15.376120048464934,-9.473515675884597,-20.35007267367001,-16.513832674684362
7.0,-3.1893108327634057,-27.982419865727355,-24.7931090329647,15.544881105254028,10.848123342600191,-26.429914006718477,9.297471901751203,20.905098038662135,8.166006589744843,-9.02513243304308,-24.846156964287204,-16.05609635278203
8.0,-5.333493803360285,-0.6011510775826583,4.732342725776874,2.9186565507524467,-5.06819063768777,2.10511117331483,2.0456667275503824,10.682458855626303,-0.10677414137997676,2.921233931192617,-11.60396420690475,-3.029459135669743
9.0,-5.821584817621133,50.23972278313408,56.061307600754716,-22.18679146051281,-30.90005242697001,53.18981894525801,-12.52512779581455,-33.31554459170844,-26.669286828603646,12.59925811889413,31.360604052747618,27.846213907710702
10.0,-9.957794156991607,67.99249663527418,77.9502907922657,-29.001292020427265,-43.99320127825119,72.92843850164402,-10.111879165804664,-67.93484173334502,-53.04669349817288,-8.366059307252804,45.08185465613536,33.38954246254439
11.0,-3.868243913385891,-1.06205377058199,2.8061901428044855,2.4782484016797994,-3.3783325912360773,0.8230505968269597,-0.8395607283492152,-38.68627863673558,-38.79421909698943,-16.59982000964874,12.975192949036657,-1.9303302827403126
12.0,3.3980743396862305,-50.590014991481546,-53.98808933116718,23.61041946795482,28.72868060309368,-52.26624396054817,17.776549166829923,36.23089677409777,25.676027008771786,-13.665335509582633,-31.938844844487075,-34.33506900334244
13.0,19.612128619130793,-47.6484273694696,-67.2605559885999,13.959568670903522,43.391764255733975,-57.437209359601276,11.794092161886745,71.26912637607859,27.28127518815086,-34.89452572278075,-48.32459028440786,-28.442296403285578
14.0,31.15161573271704,-17.936548556563206,-49.088164289279675,-6.578246490261657,40.15408533392945,-33.49714185216362,-11.054554341401397,57.242596428297226,46.87255199510041,-4.9828261717926186,-17.481520221631154,2.215319835503358
15.0,-1.2744765718894557,19.580913756218763,20.855390328108466,-9.113207054139124,-11.029003005746405,20.235797765699676,-21.186850648974332,0.12096859883806133,44.39017310554112,38.88267862222249,13.199037381682025,19.91769135155728
16.0,-13.400573240442618,18.109407033701665,31.509980274144088,-2.38303870936077,-22.41671249243313,24.755077116707817,-13.378290043666114,-33.17574511275371,8.735188427842548,42.664838973207104,27.261032450649225,20.253699689252628
17.0,-18.857262811453573,5.34644625467029,24.203709066123153,6.734180764796481,-21.56884989955453,14.807907334078049,-3.4488256918152596,-54.470660011073605,-34.290581274829854,15.121309675415837,21.094482640889186,9.461168392976948
18.0,-3.9577259372778233,-10.17993414293787,-6.222208205660852,7.050793937577213,1.093153963586225,-8.160033730885015,19.829586193740948,-15.485927970166252,-27.72648379721077,22.460709072489646,20.27541219285466,-5.384213775385875
19.0,-14.310687265367406,12.823641473555455,27.134328738922942,0.8027256770057225,-20.76553377901212,19.946314327207613,26.43356720712196,-7.126987685117207,-30.987777075419473,3.27951033493086,2.916951806688566,-16.464875545791223
20.0,-10.53763034607784,21.107096374281234,31.64472672035954,-5.309971347375351,-21.06163406323291,26.343413752193783,12.406714000959735,16.045030403896387,-9.405150070484641,-47.85930937337304,-39.662706365606056,-14.252419507339045
21.0,5.260850898353972,24.817326885402366,19.55647598704916,-15.072864788302214,-7.124401102696689,22.149679365825765,-4.972325450818458,9.544109424372099,-1.3827733641212756,-38.12694573553704,-28.58364047128115,-7.062769437137355
22.0,12.67370001660076,-6.814653489279215,-19.48835350587977,-2.894133214278053,16.100902078415203,-13.117892033629735,-17.089689621300558,13.39160359129124,-0.9570272040243051,-35.98076781582333,-9.825988484194532,0.9695706558278863
23.0,3.535195100244625,-46.172718122845914,-49.70791322309069,21.34539080903371,26.64215149030278,-47.915084522032544,5.368273050855496,16.550133116219726,1.7653351508447805,-33.11380899182313,6.023472514375616,9.849771366872284
24.0,15.571774050530765,5.650192877650191,-9.92158117288107,-10.669481345598706,12.693612335016628,-2.116708446300116,-17.288487507749448,-20.872852371166843,-10.382397895155627,26.132037596207674,67.47950927164281,43.29344975270418
25.0,18.334163569879575,3.825318008807452,-14.508845561072734,-11.062523410364307,16.455225461445423,-5.325412280454495,-22.37188359063951,-5.260805428517253,22.962643392140897,53.499644416763935,34.00110541341156,15.053570450178713
26.0,6.463369761381021,-18.931834030925124,-25.39520379230663,6.2519378757856945,15.89285788073806,-22.224959070486175,2.7508717046312716,12.096976808122715,58.443268934182974,62.154728454388874,-41.157611529049376,-35.92770959469192
27.0,-16.384853319473322,-20.91880267803913,-4.533949358565925,18.672897827454303,-5.876548634703751,-12.70573994558513,14.917823326350117,20.747354010060064,50.92986146957693,39.634470359634065,-58.95193911868407,-46.91956059165401
28.0,-21.803976707166534,6.6450329075418715,28.449009614708537,7.526686457447439,-25.153810168277253,17.57157354941579,15.35627119482097,15.611219098501314,10.250698821036883,9.363450595851802,-7.935392020071536,-1.742652852616164
29.0,-8.224612469799531,31.737263794559993,39.96187626435976,-11.72562903133266,-24.12299882135887,35.79821234590918,0.10708409395464358,-30.175513910857344,-64.42798525638001,-49.56104968900722,23.367180781630886,23.28927738607206
30.0,3.3827049990247895,32.80482703366927,29.422122034644698,-18.06003260197531,-12.977633632623721,31.14154587551936,-4.506894357090561,-36.846243944764716,-92.49805814666097,-87.86912857979169,21.948193530124367,28.235238941202436
31.0,-2.2010201161680922,11.73315466301798,13.934174779186144,-4.810584882120661,-8.113914546831456,12.859963092613565,-0.47426215367655056,-15.044508053155914,-31.73557403865759,-41.48872095828291,17.868941409431162,13.281674163298138
32.0,-0.9822278713482326,-16.21264384167224,-15.230415970323946,8.551098384642595,7.14668143888795,-15.777731644826877,4.153675633955119,8.142715819855553,20.022438240447148,11.026592258925,-5.547829391063985,-13.125585003286002
33.0,2.107413889385647,-33.74912661078781,-35.85654050017334,15.85041504290313,18.99701707447384,-34.784993637047236,4.58896836454734,29.460407126742613,46.276377784819076,27.693686635083587,-19.432138473853787,-20.27161897206142
34.0,10.10806742108377,-26.079921356016207,-36.187988777099825,8.013468811114715,23.15955247025596,-31.120579687051556,2.5419246850497785,30.640434413930855,33.27357036927501,26.449814404078325,-17.528645679790497,-13.214846007364402
35.0,15.972658920052464,4.224218966654819,-11.74843995339754,-10.070416746343707,13.873109581026892,-3.751973986956969,-9.676814122624616,6.495492780017717,16.68889883646972,27.16875650092566,0.6648314300210716,4.520093128851956
36.0,-0.8468958594195062,12.612725028634948,13.45962088805444,-5.929914685960113,-7.214553741475683,13.044783369126026,-5.928276826575578,-16.97678450390479,-3.7910229094499357,15.12354863180978,11.085141908922427,7.2628505560185985
37.0,-5.19482349303609,20.924905959177238,26.11972945221324,-7.826727060759285,-15.632605064866455,23.53111730750805,-6.17753548788315,-17.352720747127236,-2.1020925215855497,5.622160435832422,15.530836230639167,11.058197514629988
38.0,-11.061138217029928,11.09384105924729,22.154979276277157,-0.0487195081058287,-16.575725716247554,16.5561577429175,-1.0009862962556517,-8.445698853745567,-10.759703033156756,-3.905562338846179,9.427910396531926,2.425956512963806
39.0,-10.098041381599444,2.876111017984713,12.974152399584172,3.586424574997306,-11.576163350702792,7.938727244055816,3.7841106490430128,-3.9781598787995716,-13.55274322490127,-19.707200991852126,-2.679371279834914,-0.9104220746181593
40.0,-0.7939515151101872,-11.344386978603989,-10.550435463493836,6.129337219959007,4.9207155985377256,-10.929267515890448,7.497195865175751,1.0323066946451855,-10.909361181856589,-17.895943180383664,-12.762839638998788,-2.7155825287640942
41.0,9.890790146429657,-13.066359324765543,-22.957149471195315,1.5721772589556542,16.388482797153678,-17.987644416650767,2.50750296114519,8.85284142110722,-0.506054822265467,-11.026221766162731,-10.814620053919267,-5.357829261470506
42.0,12.437268327395238,-4.0390161676311465,-16.47628449502652,-4.215087571136783,14.419578235138655,-10.226566543769525,-1.1270509844588759,8.125944990880374,7.013359755157266,2.2740815502388845,-2.951235879673945,-0.9169971330790396
43.0,12.162559587934016,5.017533525713786,-7.145026062220332,-8.609164484709096,9.692403267527048,-1.1042430705339807,-1.0868901305961662,4.2938285317559135,6.771400307396379,9.773213355699056,3.576299998108685,2.484838859451311
44.0,-11.526649838437919,7.864050333759798,19.390700172197775,1.807469323856293,-15.422685448952668,13.593352517297001,-0.42398403518163885,1.1926157530526376,1.6470121448776212,8.912059197195681,14.845438279335902,4.8887824413859535
45.0,-18.169895775097373,-0.23997419547421783,17.929921579623347,9.255072669129412,-18.09375354303448,8.8161447715263,5.254534363033727,-7.483968146276974,-1.7119543478223944,-1.8535936955722745,5.708100236994775,-5.279471505411724
46.0,-13.851744111878098,-6.908352940575872,6.9433911713024274,10.426408711609053,-10.36177214209032,0.0711560966577105,-5.069810666256727,-5.71349190196181,-1.7510706071387645,-0.3415780055249633,-4.537596367738698,-2.5108027089410054
47.0,5.009785111886213,-0.292263727067962,-5.302048838954076,-2.393712796043918,5.115396145024422,-2.7413719095681435,1.8699017785493086,-3.0897636112793494,-0.2507668524465073,1.1882334498448757,-5.485099668259641,3.4901543395742736
48.0,14.836428400363461,2.6673493565429505,-12.169079043820544,-8.788776380737662,13.543889146338188,-4.773529616971558,-3.5249671803209566,-0.1646963531405543,2.330310834242261,0.2366529917912712,-9.188087517909896,1.774205139765845
49.0,6.348970381337551,1.1945585867284103,-5.154411794609268,-3.7320648167182293,5.716164111162115,-2.0045115133488838,-0.49620731756486935,6.682034510676952,0.0559133657341222,-1.1950141040782438,-5.379574325591659,-2.9406833949683575
50.0,0.9799871047910971,5.544227830091757,4.5642407253005475,-3.3040213297980876,-1.748670786966814,5.025521348913057,2.3977510045209587,6.556603848758283,-1.0048234916065495,2.3420363553468557,5.908650723085049,4.397142601784715
51.0,7.57614395751334,-2.1148726481803344,-9.69101660569371,-2.697061281357221,8.59630006559256,-5.937151528155458,-8.125653093830909,-2.1234409258281044,0.7012335781441499,0.3269895099647415,4.631758867099785,-3.6015916921119433
52.0,-3.442221446280196,-8.323094170323447,-4.880872724043222,5.834874350111939,0.6783628003378187,-6.562711292090519,0.8154920000308321,-3.7972267561879693,-5.336656833486013,-11.87523618748853,4.201362704074763,-7.522950399984948
53.0,-6.442771656128212,-1.373864740859271,5.0689069152689905,3.9387168222223004,-5.722146917563403,1.8833991526717582,3.254446240661256,-3.836230106710542,0.9737836266227091,2.9671129798903433,7.361087020980227,0.7665633123492985
54.0,-9.098387651374281,3.9765278868427574,13.074915538217,2.5938893076476597,-11.055905093008846,8.560939946074141,7.751273720761315,0.028503793117686804,2.5488758852779094,4.554259061378083,-1.656853688833952,8.484323185391247
55.0,-0.5764018947453406,9.811484596002854,10.387886490748087,-4.657420683053596,-5.4519723790857375,10.057840750442418,-0.2285071202612734,2.453266712942633,3.8026417282362504,4.753650080662776,-5.174552397766328,7.4086931874509485
56.0,2.1111292688557377,1.8216678822090189,-0.28946138664682497,-1.9191437360791208,1.1540061383896427,0.726914158735104,-0.4997498361431218,1.3082402956398225,2.2465846002370746,4.362188708601818,-1.661678537181293,-0.7254665017674888
57.0,4.819047358542696,-11.420344404080968,-16.23939176262367,3.278269286529216,10.487851030709743,-13.788304982542616,-2.693480858313292,0.5889279089761226,-4.568833606073328,-7.217383360064157,-8.037393034750467,-9.718477807443485
58.0,0.12566208068051044,-7.333256867215125,-7.458918947895615,3.589271284235203,3.8364994795406817,-7.433028501663605,-2.759427442946669,0.2589059577260384,-3.233220011557493,-3.5504430939637017,-0.823567827821404,-2.9491856566165815
59.0,0.8363431266297061,6.49082568975397,5.654482563124275,-3.6730562707309873,-2.435928220820485,6.1127975341511736,-0.5194294199793537,-3.7947503628438377,-3.925487612646969,-5.496892254236104,5.7788162139567385,-2.3830509254915517
60.0,-1.0418273494122814,2.6544382897060665,3.696265639118307,-0.814115202972292,-2.309978009225973,3.1339626063117247,2.443295289473011,1.334838549533364,3.8832819750979652,2.137320608113676,2.566807060438715,4.542015711266631
61.0,-9.00167620760185,-4.2754108620972495,4.726265345504578,6.629392299367895,-6.878590370395808,0.26031109419682563,1.8344940001828034,1.1773659360565727,6.049688935474056,8.325040708819985,-2.3435804401042812,-1.3186950902700976
62.0,14.001085954736482,16.40797935671849,2.406893401982023,-15.138286418115396,5.783883983279752,9.362924382102578,-1.870946537278825,5.587426326304515,4.982076361415662,9.417569830171784,5.179397454083473,11.105240522697473
63.0,-3.595887267333956,-9.339772479479802,-5.7438852121458055,6.451035925667275,1.057632415985605,-7.505359521683878,-3.73622069190395,-5.362667643207833,-11.233999148023392,-9.654197201446674,-1.0536691022944775,-1.7231014786599337
64.0,-1.2276316015654045,-6.251159545007194,-5.023527943441711,3.7181827323306584,1.8741156720148315,-5.595647625888198,-1.9870349540313867,-1.4291639344754938,-0.4308375659256587,-6.667125081641195,-3.197569324708309,-3.7107727992872563
65.0,1.8087431174938042,2.12130502617928,0.3125619086854865,-1.9902771432837678,0.7927786469274798,1.1871840592947112,2.3215666865112135,1.9872317290080839,1.8787691610825679,-0.6005919981665859,2.24703235885334,-3.0738114235700866
66.0,-0.7884591069050028,-2.0856667829616455,-1.2972076760567206,1.4872402147640942,0.20977034725974786,-1.7134296129718705,4.169244740685237,-3.969068758357867,0.1774590426282171,1.3593841757941183,1.730603469821423,-0.452912493948193
67.0,-2.6589820548671868,1.8992372823992305,4.558219337266294,0.3489670296406451,-3.582760589120942,3.2132191502724465,3.9964034727888396,-1.6284077598782405,1.5761075360492938,6.4865274198319325,-1.94600869310136,0.24087923024752755
68.0,0.5559481119449223,2.8898415972238403,2.3338934852787636,-1.7550134962009158,-0.8674543086576261,2.6002734376837378,-2.1583471151973717,3.3275282665754298,-0.80523148958129,1.4752328020509098,-2.7056022062198157,0.23880938183778322
69.0,1.2377426180767954,4.158104178210714,2.920361560133817,-2.651552381988321,-0.8198085911168704,3.607075038420538,-0.7372865423720525,1.8654824605160645,-0.9927641832299233,-2.903250943512898,-2.435697807643899,-2.973650267360371
70.0,-6.148873060264738,-3.666953557382372,2.4819195028823486,4.954380722059139,-4.36955348815289,-0.606077514220583,0.7265842837219869,2.8651864559858007,2.7621236328038035,-2.3892813181276384,0.19574252832305927,1.1717579276770307
71.0,6.738960525726963,-4.7562537643934615,-11.495214290120318,-1.0241164427908318,9.145679345541954,-8.144961805903092,-7.1618495803599505,-2.248133243178435,-1.819751524929071,-1.7613389214093527,-0.29012240372054665,-0.15072484169856026
72.0,2.2018520991940598,2.930421856758275,0.7285697575643253,-2.6008223341948473,0.7678376734092875,1.8023556475640858,-4.196449359887067,2.0932927341631813,0.5332436652457719,-1.9447719956391905,2.3747173906099084,2.252795166819501
73.0,-3.5665097742184635,-1.2816231926593202,2.284886581559279,2.3857415786620577,-2.973464474777489,0.5443492051047113,6.048495829857167,-0.5136766807659454,1.0181378609673972,0.7062982221239268,4.75537824341592,2.7023271597600136
74.0,-3.232318909939779,-0.14495835394671946,3.0873605559931443,1.7242494843862692,-3.2104870033282196,1.4269552695836238,3.2065660958867213,-4.097567831547721,0.5264565320943779,7.067142600353329,4.481066560194378,5.629886305718657
75.0,1.1553896963293069,0.033858969620102985,-1.1215307267092545,-0.5639413603980911,1.1628107570831594,-0.5151393052188205,3.998421837722173,-2.3666942734177256,-2.087942801587737,3.2098050156088873,0.767949598043808,0.5089512430356824
76.0,3.7960761770185156,2.393715023927765,-1.4023611530908893,-3.0683029367256216,2.621693364756785,0.5223199125047757,-0.23202424954378387,1.1353489573640925,-1.427750861215244,-0.8110630226460958,-9.317757447318092,-6.341162781331354
77.0,5.197380782973037,4.176044697983464,-1.021336084989649,-4.741776977450128,3.1342979987127912,1.5275315309773512,-4.285501381783118,0.4146359814628784,0.0054115925918599705,-3.07506715305949,-5.232847119829531,-6.007994745505258
78.0,-7.651418845916721,-2.987938246923021,4.6634805989936945,5.341330723846666,-6.124691226708395,0.8729508613513691,-1.1238147320337775,2.3619544060293562,0.6331814067861854,-4.502736026333225,0.5519788566878234,0.1337110888554469
79.0,-2.9414519461435575,-5.659588549203369,-2.7181366030597927,4.320392528055188,-0.14541254828448302,-4.223494818824987,-1.7319949396252527,3.1570831786870697,0.2326849707398846,-3.8976727311593367,0.3973672713015029,-1.6042356179125008
80.0,3.26786743434311,-2.9042668864883288,-6.172134320831399,-0.24266861938891404,4.700391346115398,-4.484416452049621,-0.8452318418051962,-1.5890019132702367,3.1854533567328316,-0.19924262555046512,3.646945118337322,1.3179819878175838
81.0,1.6003430491477786,8.823101555497871,7.222758506350144,-5.196051457187715,-2.817876967569735,8.006142321407802,1.958311781380225,-0.007768969155645844,-0.46716418261971326,5.2551842048698285,5.366135267508825,7.744452909307221
82.0,-2.5866512764908047,-4.371846034644449,-1.7851947581536265,3.4929090120934023,-0.39835249715731447,-3.090525240971776,4.401226447155942,-2.2070558440661747,-1.8003518231198479,4.763210752849867,1.8781434121722262,-1.4377258879156454
83.0,4.64950452372676,5.356494147003033,0.7069896232762576,-4.990616535747849,1.9771848927485305,3.020123099382735,-3.6252940361542194,-2.56228819384987,0.8741695894068731,-0.3748739793875724,-1.4610460315633649,-3.7586380321593618
84.0,-3.46865137228773,-0.2974208315341216,3.1712305407535504,1.8951370187101024,-3.3162764889523,1.4215449746882025,2.38507493774748,2.3785713628791942,-2.8397517824877734,-5.386050777521579,-5.661074149672301,-0.28766640949239475
85.0,-2.303227930265251,-1.1163738194467168,1.1868541108184743,1.72244275631797,-1.7486872506488491,0.013436436825411152,-2.75246392256986,1.3043856501916165,0.4999832754575493,0.56295476358182,-0.6520109748599294,2.8146449634781376
86.0,1.1937114968760052,0.8490880208680134,-0.3446234760079684,-1.0865927104153512,0.754642850534423,0.3019746410654248,-1.4765721605148445,-1.0152170555068405,-0.6811497201650043,1.7410419673557622,-3.9143786947018318,-0.07784641708407819
87.0,5.639464231933428,1.1604447997795728,-4.4790194321537635,-3.385502536543144,5.110812410394565,-1.6159211037955545,0.5243177748664953,0.6401347894141548,-0.20529223552306938,0.28258581703829,2.4068263098745435,2.847345790048225
88.0,-3.221025340505292,-7.6472095035506324,-4.426184163045287,5.44932465702206,0.5627605746830047,-6.077015016412983,4.239322720424314,-0.8420193381400871,1.2010128032985539,-3.618720595582083,5.634965229748878,1.6214177558311533
89.0,-1.9651760461444523,-5.323094538559588,-3.35791849241514,3.6600791751435175,0.7243097915375485,-4.305912210949629,4.126104908684764,2.9673299771127573,7.187152706770169,7.887991205161862,7.397235489229699,-0.6099327001483333
90.0,-2.260730707976631,-0.5889674796207786,1.6717632283558015,1.4416882520313923,-2.024992280596684,0.49382271246965503,-6.633928706147926,-0.952781828763218,3.7401210314497595,3.6344501048543436,-3.78015201237059,-4.940862806756309
91.0,2.668374145989689,3.5084531992747556,0.8400790532850755,-3.149166071905268,0.9303600224841957,2.1234705676289085,-1.5543872354625416,-3.0923256028758708,-14.413516249674693,-12.015938847596912,-9.868115773487224,-6.702420174646689
92.0,1.776778620228923,12.825078283850237,11.048299663621345,-7.281477078651586,-4.618722752277755,11.962256290855997,-2.3515085142560963,-0.193164650994051,-1.9216534625399424,-3.775394396346856,-3.7070058924904,-3.242692298666616
93.0,0.6377394942542541,6.376868196743288,5.739128702488998,-3.4860996455376623,-2.528708785932749,6.08318389506017,0.44793688746024984,1.6214891689890596,3.4331096950356543,-0.2083327554165182,0.31893566295183584,4.556183456086028
94.0,0.7713776149613526,-1.1883146854889635,-1.9596923004504188,0.23171639532146648,1.3949689906390486,-1.5463172792703679,3.1740638584091228,2.2736848151438034,4.543364003303934,8.243144031971545,8.559026235376985,11.551092933993306
95.0,-6.668587024331227,-11.32157216951739,-4.652985145186289,8.941922988839359,-1.0495938926131196,-7.95439387244306,1.009783387625008,-2.8512051847511333,-0.7790602954051367,3.2439260754355757,4.923114589457867,3.330672483457266
96.0,-0.888510717544539,-7.114439725634356,-6.225929008089846,4.029832485745868,2.6320806857118733,-6.709553606074233,2.5151124366422293,0.2126993264657674,0.714298516500055,-0.5041744359692046,-0.7601235476233703,-5.2048613428806805
97.0,8.377664757972491,-1.5395634686041841,-9.91722822657661,-3.4659841511835277,9.190845188936471,-5.762018036927698,0.12063252026647453,-1.6965629619487845,-3.6441556775995156,-4.961887164608438,-4.7494075494947925,-3.999365662337535
98.0,3.2297047996212322,2.9434303027379465,-0.28627449688324225,-3.0502666190500327,1.7199845687692012,1.2981597076574802,-2.5848941012178352,2.6034379099640077,2.809088810209408,2.469715054240463,-0.31525279732470457,-1.2215215426897053
99.0,-7.255648583897909,5.543475437908782,12.799124021806712,0.8980171873017038,-9.991784410291979,9.219412536123441,0.12450597832531929,2.1564313800656,2.137184609593977,1.6726548342393315,0.6922721332353707,0.23739857494222738
100.0,-6.337192288719072,-1.4189146632380876,4.918277625481049,3.8476907102677798,-5.67613410628981,1.7943231700897728,-2.8094931506789806,0.8846065941229984,1.075393002801877,-1.5829106306209064,-2.2387845998139957,-4.365510518575855
101.0,4.7963278411138734,5.65851814219823,0.8621903010844099,-5.251259398116148,1.9945008165809721,3.2204924297865167,-2.1156871795304055,-5.36599354914201,-6.060250368788309,-0.9857874616688153,-3.094565333133009,1.0498759017234554
102.0,7.406390692728442,-1.8510074053356296,-9.257398098064066,-2.79590478286299,8.36031845895606,-5.600680764913877,3.6462567700737396,-0.41058262764596787,-2.329455297341914,-3.1059345151726303,0.3928754516459939,3.8238750861973143
103.0,2.7438333205462,-1.3982875760850355,-4.142120896631343,-0.6084326222553529,3.476409114340114,-2.7438801234735877,2.8533763278463513,2.87925888263553,4.623509414216454,0.8383554418111883,2.9984099302089975,6.040224930793121
104.0,-10.56059052735625,-3.6406760872308905,6.919914440125196,7.08754706930013,-8.77792035881221,1.6619174706610171,-1.5288104801584361,0.40673266971482014,-0.5956162031455643,-0.836153693925749,3.4950211131303552,0.01751399651315033
105.0,-0.026465615674549525,4.8263402295503095,4.852805845224729,-2.4144125540768515,-2.4692314857955813,4.860353707576335,-0.1977922272376344,-0.313402948352444,0.7011136906511152,1.6156332094686108,2.16369195817884,-1.911816276838257
106.0,3.393808808894015,-0.17452540134714367,-3.568334210241174,-1.6278444131860204,3.4578352775879537,-1.8498842897265355,-2.2773477725262103,0.4585986381568284,3.72787414954763,1.6697794380827018,-0.8074567954400359,-4.300627558757671
107.0,-3.382846213791961,-3.9608955593979376,-0.5780493456058238,3.648647603501752,-1.343552803507776,-2.324377640135928,0.8897731592320866,-2.1854941650493327,-2.1758677417665533,0.7398506079157534,-2.8658209526640084,-6.551981475769618
108.0,-12.12786102438856,-10.967203613653004,1.1606574107357999,11.598225958331671,-6.664111103967884,-4.955043250415712,2.0210474152223274,-4.452916691586802,-7.408291916919132,-2.5196699885515677,-3.170565197397517,0.7813395969386452
109.0,5.39532268041439,7.444646074391872,2.0493233939777245,-6.451317702761868,1.6505450113973676,4.777700266069436,0.7112491392102039,7.820667332109934,4.826222984885631,4.2772431091013905,1.5282034010694754,6.978931233338739
110.0,20.274516985003565,11.868240979600793,-8.40627600540266,-16.02504228356785,14.392551724632927,1.7661777532040037,-5.251676789708829,-2.329821440564761,0.3908568110866626,1.477204043726489,1.1041103445063847,5.124676163592353
111.0,11.961912005071136,4.34028173978578,-7.621630265285386,-8.182823358203873,9.76072442741734,-1.6002167091053534,2.929770639237992,3.5721973313793995,3.8147889491541553,-0.8705543839156558,-0.19785936092322554,-0.14535595611325913
112.0,-8.45787031018294,-3.6288505703969,4.8290197397859504,6.091488702097666,-6.678232656255652,0.5673514190598061,0.9360897761741488,-0.42298146849855,-0.6239812093197543,-2.9538130990879816,-3.8302469733419335,-6.712592768493707
113.0,-13.443946123992134,-4.894329974235421,8.549616149756618,9.138407422738581,-10.955254662230802,1.7997747634401045,-2.779976136371751,-3.8395615952245468,-1.6135609405129874,-3.4762872507343467,2.9152378542953894,-0.6115209663266277
114.0,-18.63304693424314,-8.220746096800614,10.412300837442487,13.393788394145794,-14.482238568899794,1.0709861496238986,2.437276406450141,-1.7443629818810058,-2.952367095985528,-0.9283391396059024,-1.9596352697636452,-0.855630048833842
115.0,-2.3390323593067226,-6.27650185166128,-3.9374694923545706,4.270181660687257,0.7606936584844162,-5.052497083317835,3.791084570201159,0.1261744806781182,-1.123653288632976,-0.34855356351681227,0.8474447799096569,0.5977336650683593
116.0,5.200004293952029,-0.8666286173489861,-6.06663291130104,-2.1306807259825664,5.594775405058163,-3.493136564980479,-1.0409480803046771,1.9257447120465114,0.5422865453161068,-1.4871364917825052,0.8662365539471415,1.6485302045792274
117.0,14.689163102280475,8.439421526636139,-6.249741575644389,-11.532130846464145,10.50930155087844,1.1423591538856694,-2.220587388814536,2.9000014567885826,1.583712203827475,6.008110023638275,4.043642593231496,1.6497237755717395
118.0,12.975861909806195,10.195338564231704,-2.7805233455745113,-11.554418606137759,7.8384584626115,3.6697368277417506,-2.661185709608513,-1.6493925257436775,1.8006644655567046,6.931460900633706,3.4709281254082422,-0.208422483201537
119.0,6.802958191070624,11.94562055000994,5.142662358939347,-9.419590240217424,0.8680652743794424,8.499529170966303,-4.542164875080386,-2.752975324345403,0.2356293009569732,0.24996533148452604,2.569288001720091,2.523365347238639
120.0,-8.742050270444722,-6.734507856760369,2.007542413684412,7.776396175059443,-5.3379111541618265,-2.3352566386383486,6.303233157294226,2.8543194519058943,3.8210049997252575,-5.100068652470615,-6.778859185658412,-2.3407230063401023
121.0,-12.476441230387085,-9.8085879178603,2.667853312526831,11.107445213003468,-7.614702032200071,-3.545541871061842,2.8349093790987707,-0.473313200107643,-4.056902353731836,-4.511332011900333,-7.9208834610095025,-1.214024305026594
122.0,-7.62453650554829,-7.078135489826501,0.5464010157218033,7.321349224563727,-4.128156517355108,-3.2410183922431193,-2.0366858602035043,0.6260741709517488,-1.5354150296692242,-0.9348801501902564,0.4113060889074709,1.0125506272518097
123.0,3.866354334151321,0.8410106073390828,-3.0253437268122667,-2.379798970109043,3.482554331296571,-1.1426500031335332,-1.8621301250201117,0.8497449679061595,-1.061407121615766,0.16533843841828366,2.1763521671422636,0.15764302588847676
124.0,3.740314719818752,-3.0206105124336475,-6.760925232252442,-0.30468005476468163,5.288927550458471,-4.856662668792129,1.544384000946534,-0.2471304439255293,1.2567203830575908,0.2833846713932262,-3.026279820071564,-3.892043709145583
125.0,-1.423998027850892,-0.6778309878102189,0.7461670400406426,1.1073230209174514,-1.1229875007677697,-0.003781654078703789,-1.2985833488684604,-6.713885671010636,-5.529449477123719,-3.1145052191427256,-1.6970777915260822,-5.662595056504672
126.0,1.1361006549916373,6.949983903745352,5.8138832487537035,-4.065693505869698,-2.3737225288242247,6.428641364607535,1.590152439486232,2.6228551649570817,4.844416085318226,6.049192729035117,10.63583871841603,4.0065285807126285
127.0,-2.4357130576078276,6.854263462504572,9.289976520112408,-2.2342420739411315,-5.816140792498713,8.043959044027176,0.8292157816453427,1.8177884566658922,4.529997889741691,5.414504696491461,7.968860940636394,6.6890766176940435
128.0,6.066648006106307,7.587358253049789,1.520710246943521,-6.856435584037815,2.321027944396638,4.527242008057199,2.411256750357715,6.0754101288803275,2.942935066836533,5.433754997261083,2.1841563468618435,6.373909527714223
129.0,6.03533210584426,-5.014096816060655,-11.049428921904859,-0.5459688464572423,8.510487491120143,-7.980553526234366,-4.211487564123081,-4.411643261475922,-7.969703261853255,-9.175226548834846,-10.719371411062257,-2.326909391975212
130.0,-2.920965514866446,-12.036910447183821,-9.115944932317282,7.516491145159851,3.0612879624590956,-10.605694451904759,-2.445679677301177,-1.9872083467523491,-2.877492833004334,-9.18843240639037,-10.188339649732116,-7.220643871718164
131.0,-5.275680839606431,-0.8779476191386895,4.397733220467856,3.1102857040244802,-4.879749775685825,1.7294155966121805,-0.8345902513644632,-0.8548789739708569,1.1783016136381899,1.9483824046659146,-0.9155868725328311,-1.3827413590072668
132.0,-0.8785074403747553,0.35337170882254654,1.2318791491974024,0.2946647339546189,-1.0270808686715176,0.8414931699602093,-1.4600558214180275,0.3923313237982651,6.351165294474439,3.7560578276009986,6.341227413391659,-0.4772693447548382
133.0,-5.853149402692555,-2.120956276038075,3.732193126654546,3.9413850320585766,-4.770569580680176,0.7786440753150986,3.082816233887234,-1.5846521714693818,-3.847761388711471,-5.16632660461506,-1.2434784658081033,-3.618870932710581
134.0,-7.275809582274694,-4.864147348647399,2.4116622336272973,6.104958402422503,-4.824287087945641,-1.1698981008812401,5.295516192876486,2.240398262137586,0.16081132716653868,3.9801862385947935,1.1918153691375972,1.8606258074782185
135.0,10.700326645907845,11.02487677888909,0.3245501329811933,-10.905315031865069,5.208284285757628,5.656792144777385,5.395316281832048,3.138871295817805,1.446394961770457,5.878242670560605,6.63517075746031,6.586733855585326
136.0,18.660173780776425,18.72119647608904,0.06102269531254098,-18.734330968057478,9.323015220331285,9.375354487521307,0.059173405780449384,7.25844672399981,9.909040693117516,12.518729979879602,6.305515291019155,5.968079278039903
137.0,-1.842950874936391,-4.358077629190348,-2.51512675425402,3.1326623919221586,0.28338328373602995,-3.454278862132204,-7.105322121935048,-7.405475983983166,-10.793558519486018,-8.412605901939425,-3.033602320819188,0.04380264202315587
138.0,-5.865284568650641,-6.8327810513510165,-0.9674964827004,6.377146531297216,-2.5017137315675497,-3.9242643101143697,-8.728000183440397,-5.594278738934771,-8.081476711613321,-8.45770662669037,-8.884343722280242,-5.882492835421171
139.0,2.7317261812460796,5.5526261313249385,2.8208999500788834,-4.117858694827438,-0.022377337251211715,4.231654658664818,-3.541221827780425,-0.25208032181541906,5.96685979760019,-2.070613941133817,-2.9644848744219283,-5.696931693923607
140.0,-12.4422792204222,-13.494283973225267,-1.0520047528030616,12.911326124317734,-5.67934849712299,-7.317429434166715,4.103344997456233,2.1010737235542236,2.67692589891951,-5.174737494900191,-0.10210020268388309,-2.7692526749085213
141.0,-15.363655199514781,-21.221201262754064,-5.857546063239281,18.313374757101265,-4.744191010463993,-13.512966381990035,6.229322572825023,-0.8432280945149795,-2.3729832626710357,-0.11296511643928142,2.397590580438956,-0.06565926606627759
142.0,-2.691464532378143,-2.2766633944408206,0.41480113793728846,2.5056268524027008,-1.5492454254204833,-0.9077270173331233,5.242250960952116,0.08632464847698373,0.37858696066988484,3.8286265657213083,1.876377427594396,5.297080434589246
143.0,8.597599057718254,10.474808060269574,1.8772090025512864,-9.513085974124966,3.3627518037339446,6.20195396447422,4.990857128475824,3.6037029669862473,2.308582645569018,6.7173878795015405,2.270149329615167,3.571343806166597
144.0,15.07743591521528,13.114756504671396,-1.9626794105438838,-14.149638542268196,8.525284077182976,5.531328763138284,-4.296552638250511,1.0739023348575107,1.0224267257764188,3.6759276098937024,-1.5672718766367355,2.5287896692185425
145.0,11.359402359407573,18.91470620929697,7.555303849889445,-15.187877440044137,1.9129682164584425,13.201763574020502,-10.641671173105022,-1.7341084302009788,-1.7770099387942415,-1.2558134009317343,-5.046629316098341,-1.861025980861891
146.0,2.8834725244056063,9.765322888452932,6.881850364047392,-6.292521277194859,-1.9813103053304038,8.381211472103946,-0.7580279132064138,-0.44896650210374245,0.18698559020060657,-1.8301600698952598,1.6932367342733965,-5.036246332746937
147.0,-8.209955360926232,-11.737288889218899,-3.527333528292636,10.011280770024122,-2.3956262945936153,-7.643445431899995,3.728148032844725,1.1631657856197017,5.408077604250619,1.3913023068685595,5.424055894573987,-1.4103693213399282
148.0,-12.18038749992164,-15.096994455502951,-2.916606955581337,13.683803881835786,-4.680865542493916,-9.01228494959282,0.35439783823181337,0.10985472448805089,-3.44897809303855,-5.959186136557315,1.2273419124940117,-0.9076807861349367
149.0,-8.442313552793168,-14.896087702884673,-6.45377415009156,11.643321955500316,-0.9600771800041477,-10.680270322954176,5.307571965583725,-0.5115405587624344,-5.677097802496448,-2.017658776256045,-0.5695643803707688,3.136682535912958
150.0,3.2825602877707594,-1.6812100680268838,-4.963770355797662,-0.8207690842545645,4.161794709605955,-3.3329803197614867,-1.139671819003365,-2.1084193335603127,-1.3024551509441151,1.8915613531232176,-0.5623622787474942,3.2133772357118326
151.0,5.096993199910624,4.315836413402458,-0.7811567865081304,-4.724947790008529,2.982889245048276,1.7480007563294528,-0.16327620295811685,0.35705977778996,3.2903697224401416,3.8568241839383957,1.620876944342938,4.238541537788439
152.0,6.113701985156259,10.444873070451578,4.331171085295377,-8.301664730068364,0.8621375001449566,7.437489486174363,-3.825054568630586,-1.295003206332086,2.2247700957892507,-1.8868538882525474,-5.957178557806562,-1.8923531069631252
153.0,-0.3746084663327922,0.8362437644109963,1.2108522307438307,-0.1832266489736698,-0.8163844362053299,0.98613928036528,-1.9542511369022983,-1.5730364018836551,-3.2334950282235186,-4.276745005505911,-3.703511721919457,-6.530592617947058
154.0,0.9389373120779421,3.212471987479824,2.273534675401867,-2.118586832532425,-0.6869999034441446,2.7804668527164016,-0.09028044500695831,2.366289040758208,2.2598094225666756,-0.7640548973129261,-0.26495312273151117,-3.7548844949982314
155.0,2.79115837806158,8.50094117626268,5.709782798201036,-5.622013675431265,-1.4773085274099333,7.065760665164018,3.3196199522223244,4.147994075733634,2.6600734749788857,6.168566008224016,2.8246532855928157,0.3467966643755074
156.0,-4.7118644677882795,2.629274867745395,7.3411393355335886,1.0561327002654208,-5.966240262337402,5.031476467373926,2.049987862580365,0.7045631398364829,1.8530649769152812,6.236716758789506,3.841948970139575,7.6000651925518765
157.0,-6.879889073413873,-6.842509202128692,0.03737987128510051,6.871324519700586,-3.4791428194590663,-3.424024990139891,1.8976028261020201,1.8930178169356906,-1.002822647165837,1.6844396784243272,2.194423510869261,6.958189024203389
158.0,-4.233956223467273,-12.23562263873025,-8.001666415263022,8.245253931451678,1.8606701724652037,-10.127767899348157,0.8597095392745933,-4.684069314524871,-2.823923165301768,-6.58336263113803,-0.6685229905262702,-3.9288517924415984
159.0,-0.4783362129596961,-7.290978930746786,-6.812642717787087,3.8211306614395997,3.220077694837123,-7.050323333194591,-3.0495689088324998,-2.9732612714578286,-2.7298581500399957,-5.526132935577353,0.5711332756973557,-8.618950591451568
160.0,13.786617240593113,0.48045581685679783,-13.306161423736262,-7.110549588416111,13.518287257188023,-6.405319535397656,-6.6272205390222085,-6.472390916425563,-4.126930508311168,-5.180519972185753,-4.833269077715633,-7.47120230610679
161.0,7.36981090254603,7.785783134964445,0.41597223241850934,-7.545766441386719,3.4468930265677837,4.1078661792785045,-0.9169786925760604,6.516213019544417,4.837397167393627,4.103032421235971,2.6126517238820623,3.993625790116068
162.0,-6.353425589605394,2.9865588611864453,9.33998445079196,1.645356092660057,-7.799748045892537,6.162398158584672,4.212716140641729,4.272149741798245,2.668056375370203,3.506144054308876,-0.40465224702311464,6.8226556877586795
163.0,-5.371419528531617,3.978005767927238,9.34942529645895,0.7442406327896007,-7.394017514488959,6.648534955260464,1.5351465690307027,0.7274259485209464,0.6694234459363892,-0.6611254340721513,-1.8710187810094296,1.6267489917736428
164.0,-2.6779443872131474,4.82708306098311,7.5050274481962935,-1.1015475698433574,-5.048208531069399,6.132592642343222,6.470969149772981,0.3757267931187074,0.10818734688984732,1.6233450460393062,3.6373537910460403,6.743167520250356
165.0,-1.5052235140361296,1.2632011306913338,2.7684246447274248,0.09553580043414911,-2.174031697684741,2.0424764090449576,-2.089308904618158,0.12819902671236114,-2.6897368889504505,2.2732608804989143,4.015820818970105,1.1383680901823738
166.0,2.6097262481920294,-9.997145158143887,-12.606871406336033,3.6676261030452473,7.569995925663825,-11.290390421709548,-5.898078531398385,-5.753743363212118,-1.4166388172591675,1.2948217359101342,-8.604001503911269,-7.8877367967854175
167.0,4.863083398346718,3.7289258009718615,-1.1341575973750064,-4.244994065806069,3.0392401883142637,1.3006516041161271,-1.0149164516806755,-1.6371277559163246,-1.35976430745089,-0.7079727671347905,-7.351506233134488,-6.466451205233287
168.0,0.3119533885318049,-5.5269634370691465,-5.838916825601078,2.6568017768470233,3.1179246011613775,-5.679927614425848,-2.319746174938451,0.07819697676601711,7.872474236877671,1.7744056590373702,-0.08600787963653489,-1.2724240466650318
169.0,-4.634250752958533,-2.2456492770003,2.3886014759581755,3.409250474809532,-3.5442286707126156,0.08162054866036783,5.957658877381387,6.043929967896517,0.7509151790122202,-6.215098393727765,7.326500404023025,0.01712672909682733
170.0,-0.06445480010301563,5.81753629077514,5.881991090878164,-2.9079422557709784,-3.001729986764774,5.8718869589887115,2.01708492436575,3.3321357684129485,-0.9001223217242301,1.4679072244124822,12.726259985285862,9.506918036015097
171.0,1.4926763916921502,-2.7516348786571188,-4.244311270349187,0.597915056428536,2.9227013656423666,-3.5412941337798127,-0.7645380807447486,-5.626618307231967,-7.592305977090028,-5.213904609850533,-1.6335535424999188,0.5221762669948697
172.0,2.2847613564575315,-5.678213506092839,-7.962974862550281,1.7445408733772707,5.1018023795412955,-6.852662542946911,1.7854810539211372,-1.2857687426934215,-1.53223404554894,-0.9168306587938866,-2.788117474659548,-6.0773097475193385
173.0,-3.780414365816484,4.346301107225319,8.12671547304188,-0.31195274807107287,-5.975346902561483,6.290119497033082,-5.037934255269958,0.7949957886958214,3.1433452975287492,3.3006627102064954,-2.8987162644746283,0.3556860551581156
174.0,2.1265036013266037,7.463902500683707,5.337398899357173,-4.741803711343028,-1.6291198846088264,6.377441541264101,-2.416243784100013,2.157251813966559,1.2908490621704634,3.205047728654334,-6.116198646726613,2.5867416561512093
175.0,1.8800975816507204,8.477063290066965,6.59696570841635,-5.198523252063046,-2.3067110669319355,7.511561534137933,3.0050234553730286,0.5519491207139872,1.994230080631536,2.5303768013517187,-2.572308545847552,5.14712148049817
176.0,0.7273160316845082,-5.03605091971636,-5.763366951400742,2.1410620582172726,3.2145447978876347,-5.351031429454716,-1.669155526314993,-3.573987723522244,-2.302581368676491,1.4324743895133003,-1.2953316789821783,-3.218989121841603
177.0,-9.911584573840273,-6.949222807441785,2.962361766398611,8.424068647775794,-6.392296021353809,-2.028481246621265,1.3540201684386042,2.2142284508890495,4.075751023803411,-0.1191851558979185,3.4200845692640582,-2.015899951461801
178.0,-1.185196279476421,-9.996446468658418,-8.811250189181903,5.590786600708806,3.776603787673843,-9.36398100709558,2.0068799226955374,-6.054281600692184,-5.727007145853479,-4.8027918317254255,-0.06382005962954507,-6.589850143092516
179.0,4.671447905857368,-5.468530625275624,-10.139978531133067,0.4032213600957313,7.446555910400464,-7.845317934338483,0.05044022223463496,4.078863344021364,2.4979984665258512,-2.693248834862326,6.982424105089124,-0.17736725084518312
180.0,10.362824580479,7.407112914855626,-2.9557116656236047,-8.877929269603692,6.620462321300403,2.2622677304665597,-2.5552488858032025,-0.2157063131099981,-1.6644345551743227,-3.4297349323384667,3.634677429258345,2.9013921350197895
181.0,0.37098972692123144,12.826277271686733,12.455287544765188,-6.592206929703764,-6.0814162948655115,12.675948845467028,2.589657713791326,5.671930865410585,3.947824924825019,5.571610717205622,2.8092461282840744,8.151232268280586
182.0,-5.529285678010791,7.044737557598432,12.574023235609065,-0.755267975344927,-9.012035147238448,9.762732402489478,2.4921067271911674,1.1960214766864161,1.1991621110528423,6.49229178190261,-3.2261146314124285,2.81662948828843
183.0,-3.969617499124612,-5.122919624920459,-1.1533021257957827,4.541456807294099,-1.3674546947505455,-3.1900662972422698,-2.0226530338287,-3.2344821250230655,-2.5818801145009336,-1.990461241400678,-11.980620634472789,-3.5321841312226834
184.0,-2.7404414145454137,-6.7741946733610545,-4.033753258815361,4.742671797382656,0.6108638011163237,-5.383942138619003,-4.234024468457453,-2.350148782240134,-1.7408621965604545,-1.074957435900762,-5.851056724803257,-7.767211512595461
185.0,4.921858282831366,-2.6659501254239517,-7.587808408255028,-1.1534841118826908,6.222300616748806,-5.113008930835242,1.1654619038997365,-1.9981098721979982,0.40054349214645035,-4.5355368310945785,6.472455506672939,-0.5033774665557602
186.0,-0.33098361530365583,-3.1395450079155798,-2.808561392611688,1.7786196526279876,1.2886209060220808,-2.963212078007061,0.31128581582196096,-0.5922958572872259,-2.5797204854586075,-1.7923572303832096,5.400558830568279,0.8736523547222588
187.0,0.9875084412060444,-1.373877166238583,-2.361385607444538,0.15098658360317518,1.648436769902162,-1.8547848819136994,-1.9130689379423467,-0.7434838612580651,-1.1790024305159208,-0.41645240706791964,0.09385237991168172,-2.184321094215963
188.0,2.1737660038657625,5.882592529298782,3.708826525432979,-3.994104310097639,-0.7138432424539114,4.8160061573335815,2.2718702748194914,0.901482171522262,1.8859874552696287,3.4172392637119944,3.830218147302813,5.7201406214098665
189.0,0.7486607675224499,7.054189378475765,6.305528610953125,-3.8656154766380966,-2.8055377132924773,6.632971276570185,1.8347355697818792,5.965088024764103,4.447954195724427,1.5007085505443671,4.590002898583797,7.748942297512684
190.0,-8.306907102970932,-5.008064245691785,3.2988428572788084,6.618875471473199,-5.835258811674752,-0.8097120507109943,-1.519245247639587,1.4591697232947158,1.9352560531571295,2.780626763845847,-3.2611847757897987,-2.142417321179901
191.0,-1.5579460049364355,-0.5062784713218837,1.0516675336142385,1.0765763474403984,-1.344779867843617,0.250270434080784,4.2387050930705605,-2.9357668422605703,0.2585253893381946,1.2023466437180712,-13.021150302303615,-7.089189170570972
192.0,3.1577050987730537,-0.2903673003203197,-3.4480723990934745,-1.4661804192701433,3.3337718095616995,-1.8843429163850542,-2.294431988227375,-1.913997887038842,-1.1116054640969963,-1.680056292315923,-5.540758255258205,-6.3012039875544925
193.0,4.653651120126688,-2.937943683774812,-7.591594803901293,-0.8924669397424485,6.147641786941192,-5.2779053069588215,-0.09287371027866453,-1.0505019420703592,-3.932903289280901,-1.8800624585751207,5.873155488896804,-1.2766046928018397
194.0,1.3186843825284789,-0.2215713147875744,-1.540255697315645,-0.588536591120804,1.4522527687982296,-0.8969728745136298,-0.3717145598683659,1.5798747642234559,-2.037397266653521,-1.7549706192417291,11.514235789725298,8.322461643355872
195.0,-6.538933723568217,-4.605945265787854,1.9329884577808372,5.604954865280453,-4.211700554493675,-1.2799580352204059,-3.7731683166141976,-3.908558920377358,-5.807296730563942,-5.143560935994755,4.734772599800332,7.183430225955898
196.0,1.6675062178464133,5.420764391240079,3.753258173394064,-3.51571524710246,-1.0936103982124805,4.557541992248732,0.01616939868000644,3.147562178033008,6.924785371042034,2.327087489214974,0.24235299641751373,7.084985824213917
197.0,8.430511047548116,9.454101711779005,1.023590664231067,-8.913625755855389,3.7353319570025816,5.281728894174617,-0.36587217436758457,1.9163382004379055,5.664896784385926,1.1214222391801871,-6.003851986446159,-5.812826872395351
198.0,3.853865941784261,2.6147088925859476,-1.2391570491984711,-3.2007796190047264,2.5018216822280115,0.6475310861132089,-0.5956080440364167,-4.035238406540545,-4.9080706092717,0.0668916033081648,-8.236173662233165,-9.66908585291728
199.0,-4.9120798719167915,-7.495530272384391,-2.5834504004680463,6.166054477984838,-1.208954610847945,-5.00292111758871,4.66825771732737,2.450616389572777,1.3465108918390376,2.366617872432039,-5.476427203555719,-7.099458890044943
