Time(ms),I,II,III,aVR,aVL,aVF,V1,V2,V3,V4,V5,V6
-200.0,15.574569820257185,1.10762657949619,-14.466943240761015,-8.383368332043858,15.032824540921094,-6.698967040063595,-9.128320793313417,-5.796442810137162,4.988657407700116,-6.524507328562342,-0.3506940857331493,-1.3968788277559847
-199.0,-7.544598053318515,-12.456147938557653,-4.911549885239078,10.037036804521744,-1.3138553755231834,-8.630069605377127,-5.940895560669996,-9.932776654035997,-9.317982776287357,-10.763511482718217,-3.990145364013732,-3.1864304075692114
-198.0,-24.99897113885513,-6.496174912138958,18.50279622671624,15.705282730139569,-21.75152019689613,5.971058519457226,-0.16860173397742306,-4.871418014262199,-6.202945617793432,-3.385421139567289,-1.7316984514037879,2.432517180015954
-197.0,12.435230296729323,5.592571423439012,-6.842658873290262,-8.978756102912035,9.642656053606528,-0.5844617694337426,1.2127672664663338,6.809696121937807,-3.2927407539960405,7.107219952106527,-1.511944541965936,2.5391779639708645
-196.0,45.64541321577698,44.35710721518142,-1.2883060005955618,-45.047430981587745,23.482306962447115,21.493895392032073,19.902533480697976,19.3827376742449,23.26321576322566,27.922417546800393,15.390057890176376,16.580050945591914
-195.0,-7.506891398463658,-17.397292926961768,-9.890401528498147,12.481337066853682,1.224035468178716,-13.603600949779002,-8.609727606232234,-5.561524513279954,-11.057413047574325,-11.990517270733699,-9.734675073832431,-6.48877457818762
-194.0,-6.703601548946815,3.9516570811967693,10.655258630143607,1.4019979863403904,-8.707845281574194,7.270411590716298,-8.689960063606966,-0.9279105863066587,-0.9887453684320178,-3.920227858256448,-2.609268730902006,0.6479385500992265
-193.0,-16.649560898386063,6.7808936908005535,23.4304545891867,4.879432321294181,-20.053576744056116,15.158084510657293,-7.3147386801395715,-15.820648669350213,1.3650124711768905,5.086187182548519,3.1322091239025847,-6.196857826600686
-192.0,-13.26492978559001,5.152545314881925,18.417475100471982,4.079525044434595,-15.84681862052824,11.763854310153743,6.20859377414538,1.4327912984398852,1.7258331494760872,3.852757077662271,2.252160268022976,-6.667751911231305
-191.0,-0.9508848510449308,-28.777469516609024,-27.82658466556411,14.888737928216226,13.431443892034242,-28.32184106220151,4.98078310226985,2.1381743448527413,-6.553945358663346,-18.43632561834973,-9.533353877252786,-13.783162923754999
-190.0,0.7262910076347053,-27.845544166358614,-28.571835173993424,13.586687984906519,14.633609690829141,-28.23192811317331,4.633847504312381,3.3423242140891416,-5.51332360994328,-3.705112428708893,-5.855404734399832,1.9213869277167395
-189.0,16.788543871376845,9.99602192059066,-6.792521950786302,-13.440973913454012,11.839121784853862,1.5712294710578618,0.7727826728666201,2.888008966039236,2.830133848586537,6.282699659025296,5.113612155120554,13.897921494089388
-188.0,7.937822527526913,13.769105419333947,5.8312828918069535,-10.899315033149378,1.006642700726423,9.8396819497482,-7.5099125354209875,-2.0935613699945352,1.6767039704907483,-1.1154438736488483,-0.025956790722688083,1.2394428770015171
-187.0,-3.672522440886125,-3.860531734886578,-0.18800929400042143,3.801895891272606,-1.7242583821477186,-1.992116045328281,-6.655577942533195,4.4842336912654055,5.194986236278943,6.68261527532208,4.4805123840284615,0.47796659561505006
-186.0,-6.574144325320893,9.80691010837678,16.381054433697756,-1.5787287682898024,-11.468189725363475,13.122369006362295,5.945641558108042,1.863642351918345,10.281242532407987,4.578661762461257,4.5412528764678814,-0.7349511516292173
-185.0,4.23323776356502,17.820783447090772,13.587545683525848,-11.065793920086572,-4.669332223556371,15.654318518103334,3.076008835762234,-3.0479827092863188,-3.809943143014375,0.8345942362671086,4.666864318260951,13.880035482810829
-184.0,-6.579955030802458,-2.210856803663776,4.3690982271387675,4.437560216366052,-5.461874975992579,1.1121452844177249,-4.018958646228919,-6.995530645483511,-12.334098609963426,-6.550487524295014,-1.1721186924873885,-3.594970884127221
-183.0,-3.1001135391610384,4.562986977588974,7.663100516750038,-0.7665989468072607,-5.360006309083206,6.073596672060384,4.814488786321231,2.1023815578984997,0.3812463272574309,-0.22751854674842464,0.20678987126626636,0.39461151673016825
-182.0,8.929762817569195,-5.820841134230209,-14.750603951799425,-1.5110564137650373,11.79300144498037,-10.318170468024128,6.890754614937764,7.634561112308619,6.8315270678351805,1.4638659316465223,-1.7606696665691293,-7.935396998850713
-181.0,4.901035339613254,-19.29900477370687,-24.20004011332022,7.161216752051034,14.511601366901617,-21.696461651441687,-15.800690395526523,-12.227244562894626,-9.07238232047606,-9.117857817839601,-14.21499209220198,-19.917067978980832
-180.0,-16.726716155326244,-12.434213023620842,4.29250313170526,14.538110855383529,-10.46473437506634,-4.090531295963892,-1.0280692181482305,-1.1642703016233833,-1.2056627519263663,1.1897247689677273,-3.3015634538540857,-2.8001833451389313
-179.0,1.6129271490078958,8.708977695964139,7.096050546956082,-5.130364324501581,-2.7734590562441075,7.887684425323323,3.68149868106968,5.142117065581209,5.782905126086,10.562147109383083,5.4499911673754,14.366408043970527
-178.0,9.063249646405822,17.564320373111595,8.501070726705686,-13.288686472126615,0.3281086389511094,13.099568999022678,9.786477051499228,7.6014245033925265,3.7597069155640552,8.157955112942158,7.863468710178369,10.253850114580587
-177.0,2.086019456529093,-4.666528606777915,-6.752548063306993,1.3117549487510178,4.387590240863067,-5.721474972945014,-3.7083911710711748,-0.2639985506905176,1.1758949327912274,-1.399974397590075,0.3628335291271343,7.566961506256949
-176.0,-5.837514868095597,-12.768588080404973,-6.931073212309296,9.245153645684095,0.5950910410351224,-9.865969357642008,5.18935726872046,3.5442977365760093,3.8983755810211655,-11.21101534688976,-3.6563869165632674,-3.7303575327363308
-175.0,-13.37950501776924,0.5763626855189621,13.95586770328833,6.424997382382851,-13.695073605986314,7.241223002289207,-4.575497397533466,-2.8113312475689196,-3.3056517636457783,-10.737339695880165,0.12140746159557558,1.239178647770104
-174.0,20.31821700136514,19.361589065643752,-0.9566279357213485,-19.81116753361694,10.614628092215643,9.165252786977023,-5.53250205242134,-11.341921801452848,-5.834231343879808,0.6526533406809802,5.628887658643806,-14.228601967097251
-173.0,1.405932709687428,1.046796071787373,-0.3591366379001397,-1.2693526466890424,0.8649757732260572,0.37189423861638815,-5.897420412307214,-5.850124592609539,-5.753168164011072,7.166543360366337,2.245030590306013,-10.138668275449247
-172.0,-1.2087656493334946,1.3445419476155456,2.5533075969488754,-0.024585812976579247,-1.8152680324583654,1.9657268728624797,8.653087453076447,13.187618265214944,7.87984299505334,6.874403270247848,0.3545535417527419,9.454004055605685
-171.0,10.399619166135462,0.9938159124731891,-9.40580325366241,-5.725107832243457,9.892190375593987,-4.195211320245502,-5.851017795883676,0.11805741008575055,0.6931066524167457,2.8684492457877555,1.1601740218239285,11.102830655171465
-170.0,-21.227300250495833,-25.674835652273895,-4.447535401778155,23.428758108444534,-8.401345518009368,-15.049482529818144,9.783931178689754,2.145013675229802,-0.8374733564393879,-3.1081842182624397,-11.852121988495698,-4.700411071860964
-169.0,-3.5089740828279226,-2.8377212994791616,0.6712527833487283,3.15619594157096,-2.1065694846266765,-1.0638616010446942,3.880273953214338,0.634580071204047,5.199660756551465,5.538851022244451,-1.0297294795134313,4.027812494032366
-168.0,8.391526806226267,8.431316361104718,0.039789554878425976,-8.34526829150068,4.150786315643767,4.188692788551663,-3.1751846636538574,-1.1898604859958528,-5.012884259471681,-6.826811701872651,-3.060306036695391,-2.326096960194933
-167.0,-1.8790931554017236,11.94439309026199,13.823486245663688,-5.041181693618073,-7.808303390426928,12.851541853087001,-8.061746463780317,-8.634982725282393,-8.021237315132103,-7.4795877550466425,-3.0887160583330155,-11.240413244998305
-166.0,-9.435384594539514,-0.059537271165170935,9.375847323374359,4.7420710064792555,-9.451778091623595,4.717857517836603,-5.2541587763781505,-2.633901449396652,-0.7969177364819733,-1.4215792208909792,6.477033496356729,6.562364262995847
-165.0,2.9937109648842317,-6.251701286987107,-9.245412251871176,1.6248956023174128,6.1443338756211645,-7.7579162366304315,4.482351670194335,4.716355757716231,7.8866183627277335,2.246484062311212,12.562710106160669,5.339616367791792
-164.0,9.631249942023102,0.9140804730574716,-8.717169468965405,-5.2783205335636,9.195124152398462,-3.9065173612971194,-1.1092113468932965,3.207591741505463,4.003420057112002,5.523499156419508,2.1319811277004357,-1.4538805538607829
-163.0,3.1175693916706537,-5.63171749207602,-8.749286883746466,1.2465069751964304,5.954307474795301,-7.196895370986001,17.253895996364964,9.851222999093839,7.501836605534371,7.32261424890502,2.8392411932962123,4.222127721271853
-162.0,2.165694772880232,8.27805191752688,6.112357144646709,-5.240357335626573,-1.9502633173375155,7.1822689016349885,-2.528890195061413,-0.18509151334822027,-4.685529006974479,-2.3419088044872165,-10.977827427426046,-7.692846867943809
-161.0,4.438293962790027,14.319689179901212,9.881395217111084,-9.328406606904128,-2.775128555574539,12.077618435386587,-6.98453222557759,-10.483814024477953,-5.019866163559881,-6.015577994997624,-7.650664740623462,-6.282747411306062
-160.0,3.4301084644069544,-4.394622657758252,-7.824731122165403,0.44447964305694954,5.573988273430861,-6.065114047386208,-4.668575676661165,-2.213226841040381,-3.2221715766284595,-2.0717768633341467,-0.13337604159576966,6.515584047736557
-159.0,-9.335372849902999,-19.42437626276501,-10.089003412862219,14.413257350643166,0.3997977806310027,-14.722653037069717,-9.386974171370067,-3.4991138728989553,-8.654096939155819,-6.234091766051078,1.037641707299089,-1.7701917640958973
-158.0,-22.66526868151084,-5.467734245590485,17.197534435920254,14.017167354828802,-19.91224928559138,5.811745315482507,5.909840663579489,6.476792241117689,4.135615543592003,5.580352173543727,5.884967842839011,5.753459387687223
-157.0,3.480794151382769,1.4026367972292038,-2.0781573541534835,-2.411786317072857,2.7951760633685154,-0.3179662571353775,6.370361692560576,-1.7459248005906534,3.9689631872749285,2.9823026477419616,-1.3172268841335937,0.2602340981673925
-156.0,15.138126443220116,14.231760496759032,-0.9063659464608627,-14.650161062154744,8.036657184883483,6.6793397259023575,6.716151205646193,7.13438505524194,8.49273593044039,9.054710793768754,-0.543096844545921,4.033981264317676
-155.0,3.8200462608130135,-3.8589192584680116,-7.678965519280765,-0.016522344606862305,5.765746471648078,-5.831706806282595,-2.663347579740689,0.46106483793860065,3.4731576849160373,2.2256480062762574,4.703722385503648,-1.606022218143637
-154.0,-6.209121337696622,-0.9228751649226443,5.286246172774188,3.539199457287957,-5.805305856462083,2.19943749914277,-4.464978615750303,-5.738208292778116,-2.488792787130367,-8.612089355968774,-0.30603529681666486,-13.973114942469637
-153.0,-4.550253612765636,11.655876274294725,16.206129887060456,-3.492912771431437,-10.349910989450905,13.952916897692916,-2.9781666102100695,-6.000617564698953,-10.028087787884282,-8.252996422845548,-2.353660397321533,-0.5810613268486353
-152.0,8.111385736202152,20.844870571465087,12.733484835262935,-14.492391508005497,-2.353188883122649,16.817396739980087,-7.981837746931586,-6.574224050637866,-9.35781113681515,-7.857097493014328,-7.020402038254299,6.003079121201263
-151.0,6.555917125251534,-19.329889642827524,-25.885806768079107,6.372604656701035,16.265870832945204,-22.650654918207543,10.932098251647137,17.168327268641967,9.243522473030215,18.290160195610056,13.031415537051613,11.459568184963127
-150.0,-6.101197174883977,-33.26819795514639,-27.167000780262512,19.665406483174632,10.50653732588604,-30.173693261379057,4.931702966191839,2.960034053850017,1.337225265477901,-8.617188958264602,-12.77821215270927,-13.920187765379872
-149.0,1.5553617715976857,-11.85615474462516,-13.411516516222882,5.122725173251747,7.541070059720054,-12.661791269041421,1.5335653757836365,1.9392732500745495,3.4471982969844746,0.6371192278055372,-1.877988465814859,1.2814705732592286
-148.0,-4.696595969129129,14.162646608077239,18.85924257720632,-4.691426610039093,-11.796934654841637,16.487806583311407,-0.216108817259984,-4.873899095924731,9.591836929842495,9.930939488107501,13.695662882426989,13.447720472972387
-147.0,-2.3773690928922093,30.39708334895307,32.7744524418453,-13.976216154903922,-17.596500525699703,31.565000337776176,-8.448729563156116,-4.721778438631066,-3.6820067969633477,5.540732794431732,3.5352860891573066,3.714301236815246
-146.0,-2.5078358737204556,6.9283775947093424,9.436213468429788,-2.259851541495184,-5.997469606684071,8.24040795987327,-0.7638143060395923,-5.104606957273189,-8.945772327296867,-13.951172317322705,-10.838478367940649,-14.391874048462055
-145.0,6.211348953343876,7.493674611832824,1.2823256584888973,-6.823635071092765,2.4324322152783946,4.365709743484816,-8.03489536224885,-8.257432190704813,-6.711996607594848,-5.425680106528953,-1.2105797222638515,-2.8106280554974044
-144.0,0.4717252535009959,-12.13521919667834,-12.606944450179345,5.863841528658659,6.5797801442057935,-12.317695146727571,4.002604212421373,8.637158565124725,2.3220230472949135,2.188088331797786,2.4320335287212713,-3.6906352790325903
-143.0,-6.76754230482055,-24.081840873580603,-17.314298568760016,15.383144341263174,5.309954874232335,-20.727711032406916,12.338602000343284,8.771020283801896,5.033379438951867,4.1974434440251285,0.35761485058372733,5.0466096541314265
-142.0,-4.414666118336154,-9.210118108200923,-4.795451989864656,6.775976865476931,0.2262203253837347,-7.037549486106903,1.4763295869173332,7.839844982462788,3.17135842538516,3.257647108957739,-4.79006097506276,8.255164040904496
-141.0,21.50359028998231,18.100135989488997,-3.4034543004931237,-19.7558005795335,12.412182385742362,7.30846202245408,-1.483267720653437,-3.519440203551288,2.158596977884763,1.909258996627177,0.09058504744787771,4.282042752743332
-140.0,5.291090146833211,4.350237648689932,-0.9408524981431171,-4.851639721819019,3.0766692393474235,1.7397976641768005,-9.11371410073169,-13.000463778417096,-4.329769838997063,0.5282737927916862,3.7254065415386566,-14.452088005898549
-139.0,-11.630271064524862,6.310722407224734,17.94099347174965,2.707431020789726,-14.745660208553026,12.159840992079358,-3.3632959546299297,-3.236530985741889,-2.461528836640468,0.2489816614520135,9.16009531098343,-11.588286640018875
-138.0,-13.978792032503758,-13.135092318229542,0.8436997142740914,13.52460586561261,-7.452106408436869,-6.109698934381939,5.462677086524484,1.0471805090218065,-0.6227515942474913,-14.694570340586708,-15.702741709515738,2.66205254372451
-137.0,2.6675433209663924,7.001365649196975,4.333822328230225,-4.868311020872156,-0.7996700034938495,5.6292300314535115,2.6873513536089226,6.295479398709144,1.6258091991842942,-0.0029403748706178234,6.72344498872378,22.247922473135688
-136.0,-0.894412155654375,-0.2801606061423674,0.6142515495115721,0.6310130271767812,-0.8048824825583409,0.13362184485478767,5.825433438443995,13.717588368875553,3.968693174518637,7.571390468198486,3.2413522667347907,7.254787418157743
-135.0,1.5417654682458848,4.040982103813838,2.499216635567583,-2.748325859101487,-0.4546230346717235,3.318755289023884,-4.976409599243678,-5.090083813763567,6.18368367761245,15.500657197140567,11.307489725892538,7.108139008006022
-134.0,5.973733911405029,-8.117096592766298,-14.090830504171432,1.0353692132376144,10.055063492868525,-11.133998733268943,0.5901174760161749,-1.6571422950799624,-5.598658718218432,-4.944877848059628,-5.472644326483286,-13.21633702749049
-133.0,1.5719916497559137,-11.520630804036703,-13.09262245379241,4.936755908853256,7.356891783110977,-12.340440925086961,-5.6926802459556844,-11.322278166273826,-5.967797074845589,-12.563716608847415,-20.501023308211245,-20.389212997882588
-132.0,4.234596683432377,11.909699494113903,7.675102810681925,-8.033385562503094,-1.6919096449053606,9.830397809852364,-3.690141126668272,-1.6268752352187494,-3.017678276078612,-2.48215200635242,-0.8233915861920753,-9.616943577335737
-131.0,0.2557735076581449,2.3120518472247387,2.05627833956701,-1.3274701417461046,-0.9470966768372163,2.2137055214295502,1.9748233285083001,-6.450187658755373,-1.6328809756153237,-1.0823389010262399,3.7388340978005563,0.6177553627502164
-130.0,-3.464278918599137,1.2011705470069223,4.6654494656062795,1.1626668415861057,-4.110337622792088,2.876176799444626,-2.18159807459884,-0.065563684530136,-1.1248809018045547,1.8013281142675188,6.509176187517593,9.048545494567191
-129.0,-5.744788634764951,10.075344420557101,15.820133055322147,-2.1377729961094616,-10.750705685740613,12.96380293111161,13.224950013359884,22.437114151813216,13.141981853376302,13.800505323376253,15.222154675753151,25.28705520361931
-128.0,6.071335286351344,-1.1419838828817888,-7.213319169233164,-2.518128380159722,6.591990971048193,-4.16366405455264,2.5859835648155665,4.886826141039711,2.9876811400655585,1.096086297253997,-1.9936317370043684,4.563854692311752
-127.0,-5.663774032627852,-10.641777325811427,-4.978003293183727,8.177796015074602,-0.31727528486328915,-7.79445580436153,-2.773082271936161,-1.644467404053227,-1.472750943395549,-6.573426525861061,-6.293232739407426,-0.7988862831538315
-126.0,-4.200602593682504,-7.966002339283178,-3.765399745600945,6.109918398891033,-0.1918532759755438,-5.846308194506997,-6.6093999027097325,-5.348832874112767,0.0984062577229734,-2.412461079406752,-6.8772580033805735,-21.629192713149187
-125.0,-4.144747823680625,-3.618224458823722,0.5265233648566179,3.8321595664718853,-2.305730802364758,-1.6004150721450996,-2.792058612155874,-15.343084234483609,-7.802425600822607,-4.38848423921271,-5.772828434712239,-15.268638794709176
-124.0,7.847906288789482,10.56074649778705,2.712840208997396,-9.171979092797708,2.6045893928332333,6.664945237624921,-2.007152580665473,-2.8319038362062177,-4.2525409596449,0.5781537881157774,1.2400489355147233,9.76638978263062
-123.0,6.453424958297596,2.027320753647964,-4.426104204649725,-4.20617692366265,5.405405892076017,-1.2478422711032517,-0.9414947054832628,0.03196656080784166,-5.879065966632998,3.332908950982636,1.9479587105683698,8.747632835380022
-122.0,12.956525558059761,2.4680880107069116,-10.488437547352865,-7.756925459926003,11.692374857828941,-3.979572333862702,6.6434897553474235,10.154751042205236,8.3034162303915,4.14118316838119,5.668470063309184,0.6516825584153958
-121.0,-3.5510288292760013,-5.86130757875765,-2.310278749481597,4.659500863715227,-0.6513329362278681,-4.055958659882101,2.5196687994521665,6.740032925230164,9.051759477697246,-8.018898981660136,-0.5524381391934541,-2.5877635327778266
-120.0,-11.335569773105469,7.999949485280702,19.3355192583863,1.696697739124482,-15.372074387737921,13.618062587612814,0.8670184234845943,2.326130377574576,6.366934255858654,3.6708222299945756,15.263381205061016,15.806351734616456
-119.0,-21.27571288178062,-3.5410333008679484,17.73467958091282,12.434358741780507,-19.47052675665404,7.1260009204648735,-2.021359931973368,-5.87478965917357,-10.716054786352476,3.934210157392473,1.8413580124679334,2.304844371908154
-118.0,5.7332349118645105,7.685829506435166,1.9525945945708099,-6.684765604485902,1.9193078934106076,4.849571010726757,2.5597779505101705,4.099484497935766,0.6291221798382671,2.2209603397557025,-15.089069264860862,-9.866195450565433
-117.0,0.6565764619244081,-15.485934415983657,-16.142510877907966,7.361867638809791,8.42785340750958,-15.860838142776677,-3.988925570546596,-6.958769100832127,-5.1804106164478,-7.938849002157639,-14.388584776722116,-20.939136596947627
-116.0,15.54246070888195,-3.5538703282514073,-19.09633103713326,-5.965041475623234,17.353011175073032,-11.291590928598266,-4.446014537428264,-3.8697257703750774,-2.3083338326934335,-2.1441851768968836,-4.576598517717045,-4.307144524942153
-115.0,13.920476648257441,0.6268248621887564,-13.293651786068578,-7.23997007533362,13.571682674077467,-6.378773480749631,-3.21654018833934,-3.3686277622941074,-5.993480956989345,-3.5615166145249724,3.0051073812697062,10.893181796211557
-114.0,4.97944556791398,16.900436309469132,11.920990741555219,-10.980780524012093,-3.4951863463908133,14.441725845563703,-0.2801115587333465,2.2830590980186,7.867334306687431,11.845413800236969,12.419758588818594,11.48534429674449
-113.0,-5.133484313570881,-2.135345532210767,2.998138781359965,3.596638919037545,-4.0814891995697735,0.4576507016329625,9.071334775926637,9.546457300601652,8.363320802664289,5.794267342450314,6.9468260766556735,4.339054919099157
-112.0,-27.448094921373283,-11.24583667144407,16.20225824992897,19.389659370641798,-21.836647625434303,2.419223365860077,9.739590103789146,4.011426680908052,5.514966198438617,-5.298734628097831,-0.41735368332408207,-5.788316887254203
-111.0,2.2643414004461206,11.019872721569048,8.755531321122714,-6.677135158938456,-3.257905339677526,9.900593363211517,-6.079448571689089,-5.445405412529521,-0.8573232042105201,-3.9366510420473846,7.635373677404655,1.0585249603990543
-110.0,-4.838783127325135,0.5082043715406925,5.346987498865817,2.210428001196135,-5.031305968090489,2.9350040211176207,-7.376682853878618,-3.737228944866307,-6.345910514514814,-4.156237398004215,-1.3843877471839714,2.352844906421974
-109.0,-3.0307163700630526,-12.707408475170132,-9.676692105106914,7.838140568986599,3.2987027647192106,-11.187066544417984,-0.24268247215896643,-5.614269305537836,-10.471101945347005,-4.177598171516221,-13.877404575742858,-8.291720272984115
-108.0,15.435195692219878,-4.237242077673481,-19.672437769893104,-5.547005440712363,17.600589381645605,-11.948226008611819,3.20151570461317,4.69281434021145,-2.5159669594013785,2.223854144050615,-5.440866693847967,-0.4961426235137312
-107.0,16.716923767188735,18.662859831904566,1.945936064716042,-17.71173830160898,7.346379807168427,10.31662676730965,-5.131432544567973,4.487498917963234,10.279250823241156,11.685454833451114,11.047612290958309,11.316646327514919
-106.0,7.708173907604296,-3.2873662567159228,-10.995540164320184,-2.2277600656369136,9.30675037394657,-7.1207565070794745,3.825585363130515,-1.1033498312910108,-1.1026214983404605,-4.727292127794,-6.0060105537561785,-7.994723361326987
-105.0,-21.34003578648244,-7.622956005877303,13.717079780605022,14.466921042372887,-17.49950808943206,2.99854996718749,-0.443749933770508,4.354560447947881,2.467660780832829,-0.9084033944408568,-2.066828360669515,0.45431789730329797
-104.0,-6.932668183983724,-5.7087620171003675,1.2239061668831885,6.306381902697576,-4.052365915415292,-2.28213701788142,1.3560134645697781,-3.110786024425673,-2.479701310174913,-0.36284043054579374,-5.2104616090959865,-9.819670103037659
-103.0,-10.71470563824716,5.499006172303819,16.213711810550862,2.669754729787596,-13.440050083311387,10.90210568453519,1.4193255152503226,-2.493597216315413,4.197251634581684,4.818080754953004,7.1351093839133615,3.4176880579913576
-102.0,1.4228332914558877,6.948062660336761,5.525229368880804,-4.20725960470218,-2.106397099461228,6.286253555279673,3.111842251775988,-1.4863957948267268,1.5244976576091593,-0.365868520119396,12.065030752546797,10.241580544839387
-101.0,12.05758632426479,-1.3281608518676111,-13.38574717613243,-5.3933343189178915,12.745622046395395,-7.385290361847404,-1.9597036738664457,-2.1721739932335047,-2.0808995503148804,-5.70891224212331,-2.396751034282043,4.20012373997628
-100.0,18.680118506897905,4.07446251202369,-14.605655994874226,-11.335024297502072,16.589602638197086,-5.295916994156986,-4.702763603497591,2.4540490021159864,-7.241273395155669,-1.0721628330987496,-1.025077066538603,-0.6146017500599821
-99.0,-1.9951232689411178,-0.9052065599488656,1.0899167089922805,1.4056782136865547,-1.5141792393241005,0.05799688377029799,-0.8106116250674491,-2.499618901822099,1.5643789840884894,2.5380753352396574,-4.455910208290218,-7.060109103919736
-98.0,-4.379865934455627,0.5829660210015917,4.962831955457297,1.925543026633656,-4.638695139980829,2.812280544083281,-3.034619713550777,2.669166259019071,1.5613812207842783,-0.18014776828630308,-3.278452625494661,-12.074372549274958
-97.0,-17.79265515245735,-11.29079668778184,6.501858464675635,14.563417348572424,-12.109348140117229,-2.359998389923224,-4.593142440338376,0.3551706487385524,-2.7000865373338625,-6.985691179922038,-4.595597657052667,-1.048211767278696
-96.0,-7.404209324734101,-7.401520559900845,0.0026887648334010805,7.342939304459514,-3.7391957075836872,-3.6690769490335424,18.42011035082963,4.118514151306511,6.6502213110439135,5.292267107337051,0.19785450822433193,8.031081228672626
-95.0,13.809273649763147,7.690275068649237,-6.1189985811137895,-10.73084469790611,9.932066228716227,0.7340929920265066,-0.909959805494255,2.3648316626603085,-2.3706920838732186,4.1446243233932485,7.626274073369037,9.614070740740663
-94.0,4.549185561255373,4.976214870290893,0.42702930903559033,-4.740766151279914,2.0305208166867557,2.6480176734344845,-6.559659578119534,-4.440460280164107,0.3989833726824865,-0.24553950465840835,-0.09170245678998024,3.520826517002611
-93.0,-1.0880621111971234,0.37651450463853564,1.4645766158356746,0.3828859654982981,-1.2286217640850698,0.945026591341958,-3.0330275369121975,1.4328112292034918,-3.058257080438847,1.5275360581825834,4.3094054063111225,1.9414662386233696
-92.0,3.5780433847650133,-3.023367998011407,-6.601411382776484,-0.3229486358381255,5.057053131034671,-4.786581896826797,-1.2019484058859318,-9.844735013413759,1.0738242379938447,-3.8528478041258087,-2.7125266766805862,-5.479165435748453
-91.0,-2.7205252127394957,6.270239584884431,8.990764797623834,-1.7364193183863166,-5.8113218608979365,7.660118354536502,9.750785947542193,7.388856953738282,10.799745058216347,-1.5114364403138896,-2.2399848835479412,-4.583117308352421
-90.0,-3.5089540665115164,-1.4533988455055613,2.055555221005874,2.444147145053191,-2.73930086390089,0.25814157547698624,-3.021179797665635,3.048665869246163,-4.297656222000519,-0.2631979477527322,-2.394153699803183,-3.140080797180247
-89.0,4.113459105543165,3.4173007531123964,-0.6961583524308793,-3.801680703985759,2.3678915483887084,1.4041101926988175,-8.318246423963124,-2.6600799520936107,-7.096745817777963,1.3510411903597221,1.0223227788404796,-5.769868991287311
-88.0,-13.40530126173699,0.5748749451242372,13.980176206861133,6.4561671791735575,-13.730951838166135,7.250175320223766,6.5092200013660015,-2.126262277745019,-1.1021664376515878,6.026923739539791,6.675198418932359,1.0855182511586534
-87.0,-8.432761962088396,-13.560462711076408,-5.1277007489880635,11.034766597187074,-1.692359489258507,-9.364865320733468,-4.428296981668315,-4.9982988687887815,-7.03823159033575,-2.043467081947276,-11.159000538162283,-4.482197821784316
-86.0,22.014691914071783,10.272653688796758,-11.742038225274968,-16.187341535551123,16.91575033810653,-0.7511929576184437,-2.4758590585946605,3.080329000838698,1.1806291268658942,-2.397629025783947,1.9613949602953795,9.284408437377735
-85.0,6.3161565302898,-6.509061971644145,-12.825218501933804,0.12896480339006278,9.607276473987973,-9.60321114323142,2.934100379686906,1.5187673646194597,7.389558798465228,-9.378083279671143,-3.0924279831221053,10.082850707961082
-84.0,1.8369779371215103,1.01821080021241,-0.8187671369089085,-1.4754720327584592,1.3647437877246391,0.0842829535441334,5.251877188748916,8.449786734447114,16.52627550279642,7.776331723749394,9.373572676680896,4.631487523119026
-83.0,-2.5083367798045835,8.950815566791576,11.459152346596296,-3.190895751403353,-7.02459074133771,10.187374383435413,1.5679375162597076,-0.3298337571470995,-1.605588994435819,5.0319233384579665,11.076170447219807,1.4113718564710376
-82.0,-5.567291639079426,-9.45090281726031,-3.883611178180767,7.5401269858691995,-0.8817045616256083,-6.687618599686272,-0.8586826055991129,-0.4328833343299694,-14.011228611736957,-7.4201237679836485,-10.267822908470343,-15.38903534208812
-81.0,-8.0868279964917,-11.116288010238371,-3.0294600137466663,9.555898163995966,-2.4895733744182706,-7.095656943458346,-3.453930373432475,-10.983251911175275,-9.808646653231271,-2.0375289154561655,-13.060037596707819,-8.404844551355197
-80.0,-6.932404300619734,2.90593284795612,9.838337148575707,1.9712661077871774,-8.425653793276583,6.426442030731337,0.8343785570812243,4.7051934226103524,3.7815432243435927,5.413406205335352,4.131538524045369,7.187811371263633
-79.0,-6.2758693666789185,10.02308943695957,16.298958803638268,-1.8312974482318063,-11.249869868756942,13.213976652002287,-1.4075683248350699,-3.363681397260594,1.0446189304176003,3.745101943684827,2.510168121889353,-0.8019112371980858
-78.0,17.350641944278266,19.464195501897184,2.1135535576186757,-18.35789465556961,7.5771143979493125,10.760664027987566,0.9932212844414714,-0.2718572611373986,9.326093346020832,1.3844065607835057,11.420984449522413,0.3291823914074863
-77.0,9.766825444529523,2.897106174390876,-6.869719270138727,-6.353157140466625,8.356896521040744,-2.019655589695641,-1.6287733248304157,7.606964503750022,2.828384788227825,-4.013169527241612,1.693116492413897,6.75168529390059
-76.0,0.19611728208998258,-16.918744178320317,-17.114861460410122,8.3474362833134,8.697155275788445,-17.058963987668474,-2.450264388097553,-0.27121503473630826,-5.894355139200767,-5.934763862845829,-16.236571823987024,0.7438788710281456
-75.0,-1.754201149289488,-10.257793841728635,-8.503592692438806,5.996917774076383,3.341844091115857,-9.355977612504109,-0.4580803744238576,-7.418068212972676,-1.5882358549734767,0.25271654212490935,-1.8983022615982392,-4.250889282959266
-74.0,-3.3096489719954745,-0.09373374790039257,3.2159152240954034,1.693478890841507,-3.291222870657952,1.5731762838527485,1.2812191765147758,0.03304913644390339,-1.8483186210438578,2.755888252378066,3.066374028455812,1.1979164283953725
-73.0,-8.401225792259599,-13.335894892086623,-4.934669099826885,10.856740680517992,-1.7580773568016088,-9.133252265607942,8.51715200763335,4.884798234741863,2.9809714847069504,6.64128127187542,3.0107904989241723,-3.3054379703284984
-72.0,-10.467946403095198,5.952919324464648,16.420865727559715,2.316829506752448,-13.388063805332681,11.184676110488056,1.8306745104492261,6.857540407431891,1.860604931664323,-1.4024463475265154,6.53763060629815,4.668615386414961
-71.0,3.6925938154835736,18.219307489883928,14.526713674400094,-10.985686446088424,-5.438304961340389,16.374379480932618,-7.147861556279756,-6.8577882310605744,-3.7845392074168513,-5.107778788319376,0.6954580809607411,-1.5710477716472928
-70.0,13.147937616953932,11.403272059307342,-1.7446655576467958,-12.316466702615724,7.425249169595981,4.8421452085533545,-2.7237271534751475,-3.7117246430346795,6.31959686416876,4.006085266114427,-0.03832996779603376,-8.213243458796551
-69.0,9.495087047447985,6.415606844735196,-3.079480202712854,-7.927375367848095,6.344366671876114,1.6981838555590105,-1.9925426158225616,8.826797007895863,-1.3791415312869828,1.7129649155536515,2.1406202742931497,10.992476440501783
-68.0,-2.2561295629010374,-25.4325671230309,-23.17643756012987,13.865392817010264,10.436949925262073,-24.333786134732197,0.7307752082471592,-8.859685008238081,-10.54874249246722,-11.684417117113432,-13.91150020359328,-7.221470428171771
-67.0,-11.907031246800093,-12.126305319891417,-0.21927407309130764,12.034895810523304,-5.869869702810315,-6.185023407725028,11.614122043072204,-1.9588334300746315,3.1571100407686155,-3.6875013187385854,-1.6089037551412053,5.904415025096657
-66.0,-3.9260181784981274,-2.3372435829328655,1.588774595565218,3.0726384374730475,-2.7089312990771326,-0.37543719078877924,-2.672324037430754,4.447012926373119,4.475182288772227,7.836032067116433,-1.5597736982074342,2.440112730984014
-65.0,4.006501185710204,9.396747809827659,5.390246624117297,-6.6765868363331995,-0.7278003777170028,7.395292304297608,-9.568844799604019,2.821477602875291,0.30298596746173345,6.964647937252668,6.185151691113896,-5.16814814795378
-64.0,3.1822311537745773,14.54416625567893,11.361935101904225,-8.830306239335075,-4.132002074046316,12.95004454464532,-2.4335396821534636,-2.9144586468349507,-2.1958214613594618,1.0131271119681777,5.947231149540807,0.08326870392943686
-63.0,-1.3882310133694258,9.65812225011052,11.046353263479942,-4.171799609267703,-6.186234896932216,10.338983518954237,4.781443431788324,-0.487451602119498,5.07930596412924,1.7979244052704955,7.29185462924606,-2.8072418333775015
-62.0,-7.092774493984706,-1.353921671332067,5.738852822652774,4.195279717226938,-6.388331375590013,2.167227981977967,5.299887964481057,1.972890266935667,5.300848663987513,3.806835768817882,5.443590930251151,6.008450247644195
-61.0,15.351651323034266,-8.10428322778953,-23.455934550823645,-3.565515919071684,19.430395690206783,-15.73644126622202,-4.730676756442728,-0.18398342508058874,-13.62852888939954,-14.771502978891679,-8.75435621481424,2.715859886019855
-60.0,2.1627627635443174,-14.22458731876559,-16.38735008230983,6.01582100386294,9.224535652180034,-15.26725309555704,1.4965068005200313,-2.3272825076476025,-1.811034661406401,-7.169841452076433,-13.04561945066909,-5.330878579720968
-59.0,-9.6051713852846,-12.075484553707163,-2.470313168422619,10.828417885909245,-3.53607499496378,-7.31224715767088,3.2529486520693456,3.634922752331536,8.135409673907484,8.296435521229672,-8.72571657762628,-13.826360685162042
-58.0,-16.040929184797815,2.078688221486253,18.119617406283908,6.970107004384051,-17.124406199302857,10.143511422055152,-0.9361034811650434,2.2037669633155104,0.943820419942933,6.390862888103685,4.4658652057396235,9.701995642108653
-57.0,15.377343657707168,16.28059976560765,0.9032561079003294,-15.841101476971772,7.273888893764912,8.564030253481718,-6.284569919310027,-9.266204720916566,-9.061325304595917,-4.508845780865467,1.6092719716907857,7.074519997493081
-56.0,-0.7836611269298759,9.264082232452566,10.04774335938238,-4.176359760074293,-5.457040442380054,9.633215962337148,6.879842023006025,6.434642375738809,11.42423439874448,6.577735474097992,14.772950071084669,1.1880303258959577
-55.0,0.13073200762570014,3.8113937550529844,3.680661747427309,-1.9900874360761636,-1.738633050648871,3.725546179841193,-3.776616399757917,-1.149512900573927,-4.735351343489018,-2.939715439224406,4.285640585803241,-6.239006449027315
-54.0,3.213317197889829,-3.5369763783303676,-6.7502935762200735,0.1375528938342785,5.015969761781792,-5.164802938063525,1.148200409223604,-2.220334355805649,2.009450449431295,-4.032725437838559,-0.42405418702481557,2.6177984340400435
-53.0,1.189059265677381,-6.375305868458129,-7.5643651341353255,2.5627856962129907,4.329819610566794,-6.914218228359768,0.16084573160068721,1.445526440104768,-0.8144108868020232,-1.560461287934264,-2.638872610417498,7.006339268949377
-52.0,9.167997829532586,3.085675917541,-6.0823219119914524,-6.084726781396804,7.576986907541397,-1.522499547050895,-2.486582315909283,4.510851275523902,-1.2158958318581097,2.4416843830891377,-2.8084695182707486,2.516241400069008
-51.0,-6.757360687265107,-4.772943344518529,1.984417342746708,5.801543517472982,-4.339469553535342,-1.3382105320376048,-2.192571065740931,-4.623001781180847,-4.233592920913269,0.866736524325052,-7.421117731106955,-11.652617999692719
-50.0,-13.103259961051661,-6.1191946791115335,6.984065281940077,9.564686675367199,-10.00873885091541,0.4139477463194756,5.585752638502771,-3.042994223680323,4.023359124532383,2.5943955139577883,-2.0271985966887485,-6.543469365482734
-49.0,-5.283491597988529,-4.617178075111078,0.6663135228772141,4.902043442507557,-2.9343323541433053,-1.9882424609521108,-1.2572886512738202,2.3959549690845563,2.816015680526575,-0.3108741195891165,1.0032042734617885,-1.3998569171492132
-48.0,2.6685547771102587,-5.637178534743741,-8.305733311854281,1.5160238535819899,5.455061570425196,-6.979266466050349,-4.985523130429371,3.0806518872201876,-4.852295632206984,-5.3665310352187605,-4.952251014403247,1.6076824109873171
-47.0,8.897328803144347,6.370095589416439,-2.5272332137280005,-7.597881102712856,5.684401855083356,1.9158160932990183,10.303771855541736,3.8961244229274157,1.6881299341429798,1.5979184541360558,5.686423334955244,-1.2210884100027655
-46.0,6.465092264863978,7.958560366647718,1.4934681017838531,-7.170195335724255,2.4581816209794916,4.718460056217205,-3.0883775570675924,-7.0096868026442385,-4.851834072317965,-2.999219574652312,-3.815350133711746,12.949275541360121
-45.0,0.2803474893306861,16.886095772216514,16.605748282886122,-8.61499967729544,-8.116225142549338,16.732127152181313,-3.7915530225179492,-0.3878796182676605,1.9175193942884892,7.879623710682169,10.957693800335269,10.143777974491012
-44.0,-5.5611255722162785,12.514633744028346,18.075759316244962,-3.506029166390327,-11.859753257054214,15.35051551383153,1.894519983839504,-0.03319007799587248,8.112642268779299,3.8830691826261825,11.931360253496532,5.204770303051944
-43.0,-1.6048884122679006,-15.200639367108396,-13.59575095484023,8.371601247775697,6.021113285844119,-14.433063240094386,2.6964833263743873,-4.181628129751736,5.24644004902995,-4.038901006406183,-2.852157931581413,-16.177204962918296
-42.0,3.102201177296428,-17.351900640439087,-20.45410181773539,7.166257996360774,11.79156575373717,-18.87051087634203,1.914018890092071,6.585747027627265,-3.665961707897012,-4.4255739416513915,-5.483534318737216,-9.01184422111782
-41.0,4.849246192746204,-0.8780796448116099,-5.727325837557778,-2.031539797157997,5.29100712336624,-3.3585423287526197,-8.116429179829884,11.349354506907288,-5.59830028970724,-1.5127552649525111,-2.6244484508470114,0.8393323641994508
-40.0,8.846029962185042,1.6226949276690918,-7.223335034516063,-5.20969298550313,8.029804583527316,-2.783733433681269,-9.744110164160404,-7.979126212000837,-12.363745489207037,-2.05863743964545,-8.595048995647884,-0.022440630833886144
-39.0,-13.658456885386926,-13.24271235904505,0.41574452634163184,13.470452403006945,-7.045648439447777,-6.399081455254082,13.46045005619297,-9.400035926217555,7.747090803257547,1.161145996707068,-16.691516800034172,-6.491047965041223
-38.0,-10.876965298877675,1.3593727809553973,12.236338079832803,4.778785374080338,-11.564676590482708,6.814306041858369,-0.20604719223536083,1.8652083920771778,4.397316258685088,3.6704033717444062,-0.1166402801507136,-0.6550554386801313
-37.0,-10.32480817289892,7.404046095211722,17.728854268110457,1.4851759860870963,-14.030293467792927,12.588413716163718,-3.119337133784445,-1.8617281088886386,-8.4059260548657,-0.0853744859657195,8.628248996864484,3.1800251239686985
-36.0,-5.203852621169135,9.077717667518193,14.281570288687334,-1.9832882367380398,-9.738084749784319,11.630435037910082,3.6111740977214946,3.5322638383443112,4.659568281348564,6.017847422714486,16.81091447176135,9.190016480559999
-35.0,11.994757700845417,8.901488048886081,-3.0932696519591483,-10.486776418033815,7.5593385476107535,2.8629595572058744,6.55831279858249,0.3569841707909194,11.08060471907608,-3.5379974976619493,11.8413522904135,18.353380620177678
-34.0,29.081610876560248,5.856241430006903,-23.22536944655307,-17.423460917071207,26.180792974413563,-8.639786042214668,0.6488021378034983,6.5505614476486995,4.202074602001759,-6.992593113174337,6.048154365829342,7.880934796618876
-33.0,3.8923841889535815,-6.663196222241602,-10.555580411194953,1.3537387282920674,7.184221346924099,-8.559305159482648,-7.340924089906007,0.7295037652545049,-5.868545404580001,0.2762726827198745,-5.60241816503643,-9.54065011299557
-32.0,2.9682202821477994,4.811530664014065,1.8433103818663081,-3.8450693207708566,0.5326319316883046,3.3015579878217434,-7.342194614127424,-3.945238017143406,-9.346816053260614,2.154140844034827,-11.742197419215167,-19.750156203196525
-31.0,-5.527502513982677,1.3001691435277563,6.82767165751026,2.074522105949871,-6.121434412134209,4.038154334505697,-1.211597527612275,-1.3794972771321898,-4.327073214469259,4.97695586097727,-12.613842910909757,-17.21952087618339
-30.0,-37.83295539105403,-34.08405308120127,3.748902309852525,35.9916795653926,-20.809280127981655,-15.195560861444159,1.9066353014733892,-9.36914184882032,-2.8473065009028753,3.270852564139796,-8.391290661149686,-4.932984901019607
-29.0,-0.019394239167130678,0.38247173150285185,0.4018659706697836,-0.2328370121910659,-0.2273196788687386,0.43946668606200046,8.639123542591435,6.006794168727234,9.164230398269057,1.3410898674073735,1.9126777873269623,24.658663305286453
-28.0,26.54381245764226,13.9250932294048,-12.618719228237527,-20.21037107334103,19.564493195839056,0.6185279581457803,1.3597136432260273,10.943248453605547,8.616310299466527,-3.62137922650078,3.5756204704242145,7.772891975718007
-27.0,4.952168503757335,11.368380062347448,6.416211558590169,-8.136356449299825,-0.6709148096128521,8.934864771099814,0.5816843377966676,-1.6918421218685147,0.14341667737671937,-5.947129003361319,8.625722678499844,-6.232276847442747
-26.0,-16.844335391977207,-11.03065925841153,5.81367613356584,13.96420205040226,-11.347565991535543,-2.643725232847707,-3.40914802033195,-6.941559990772896,-14.058621679815428,-10.942628785649447,0.42454485635289707,-3.329617955620793
-25.0,-14.165590308661105,-5.788409067171505,8.37718124148982,9.92941856420535,-11.290586346194269,1.3411255151550256,-1.4617317348702932,-5.333116320451888,5.176087399627036,1.3650693044950128,6.088015870530217,-4.251801111721962
-24.0,4.968301341292134,18.386335981180448,13.41803463988846,-11.641751093938062,-4.2445246102502345,15.874526279340122,-5.557780733032445,-2.3745838440040306,1.4756970692498423,12.859698712613943,17.76050123765333,14.452623829511847
-23.0,15.923928744665401,0.5412207086140866,-15.382708036051225,-8.27284448677258,15.71176737819496,-7.444645754530469,3.7742786661900682,7.750624337464705,8.276800115148687,8.550485795992888,-9.073004435885647,-1.0451732141072392
-22.0,12.90765134070735,-6.7330354714378675,-19.640686812145248,-3.1266172421032206,16.252572967777287,-13.130551865770896,5.2363136122844605,6.890970546032264,-3.3538308620760815,-4.717275437903442,-14.919262354830243,-2.094159827896851
-21.0,-5.11408895025234,-1.0576247014815428,4.056464248770721,3.1249198523569115,-4.609215316041066,1.4750919886617764,3.7071915504566952,1.7215695286010462,-5.540304930486945,-3.326480995440055,-1.5531145919891625,-1.8843628131380648
-20.0,0.9238425556403684,8.418720031149519,7.494877475509069,-4.632691761331571,-3.313048605191275,7.927291491679215,-4.899999996142357,-5.359322809082581,-6.32561315669232,-1.526984334874312,0.6170799017168402,4.952062081022041
-19.0,-10.103557722014765,-16.899247615193886,-6.795689893179103,13.46178426944982,-1.6075673800007655,-11.884186912048825,-8.48606335004059,-11.7128226302497,-13.408939845705438,-9.568405145334204,-16.399484534808515,-9.269698645457872
-18.0,4.9367187809573,8.835921684980272,3.899202904023137,-6.845274964030176,0.5590758036671728,6.402384757659996,-5.665163485183321,-0.3327185929396581,14.030525323965072,11.169373672594876,4.406513458525402,-11.552534164409325
-17.0,-8.723747016675153,-5.487996154289773,3.2357508623855216,7.070881901731741,-6.025346957763706,-1.0966105406716848,2.3261616890025607,1.5949665082071984,10.024649951512158,5.26057641234571,14.318133143052057,-8.679539284332456
-16.0,-4.140400393770064,1.4377451678228916,5.578145561592943,1.3974363672117032,-4.8341236643992165,3.534840126398156,11.25535400010401,10.531174747212573,10.21372324524308,-4.401407824122941,11.201132264150552,14.980828267876946
-15.0,-0.3089709266482856,5.41281834780621,5.7217892744543555,-2.5836966275635276,-3.076979384023697,5.593530876405159,3.604449349024348,6.250154154762319,-1.5786976691043444,-3.1746673227118714,3.097785255525328,18.93098734794555
-14.0,1.8623972496389054,-6.617159408606283,-8.479556658245352,2.344606981159669,5.181735398928449,-7.60143031387784,10.13468553804085,2.2725524757905524,-2.5639558002381144,-6.837637985348141,-5.311400950880178,-1.4292186450435107
-13.0,7.579392774270095,-7.036875451821881,-14.616268226092078,-0.3062482044870838,11.10589056472513,-10.881870097233284,-5.249811826109379,-7.044712027459845,-15.487224023323005,-4.915395598766463,-11.058117142711122,-3.15660751033081
-12.0,5.86276859557213,15.368468725887967,9.505700130315775,-10.573884059341724,-1.8106119809389787,12.456000093150164,-9.885870031824203,-3.5574283693351925,-1.8126708372500193,11.954230119523421,-2.184299705726257,-5.016892634032771
-11.0,5.760985519295048,19.239476850526152,13.478491331231059,-12.459016077966535,-3.839041857035765,16.37202720897037,-3.599761025570543,5.740098971017356,4.758108163581532,15.953137467995493,6.184043525223446,1.692104784115168
-10.0,-10.263461471190865,-15.731531946073906,-5.468070474883077,13.040057292623647,-2.3643130794376455,-10.591844220633519,-1.5767492811751467,-6.28552860330453,-2.9094144360402674,-6.647228850212626,-6.298370785605195,-11.943665881710842
-9.0,-9.788762029825056,-16.565451891973993,-6.776689862148984,13.143255746508723,-1.535856736963041,-11.665183641357398,-4.89099702089162,-12.564457949487737,-1.7108149065587201,-10.338169893363975,-4.048414024121023,-4.405281311837257
-8.0,-8.217275304342033,-3.7895057581064737,4.4277695462355835,5.971349803775526,-6.338659486007708,0.3272453997228473,11.296109818392681,5.105182306931128,13.173315637189779,1.3648925234604823,1.5654450620282279,0.25991792918377143
-7.0,8.313022063523112,11.744636935996965,3.4316148724741526,-10.060694115463125,2.433134988687997,7.602498821226607,-9.833056642284191,-17.203240828035042,-4.579164763382091,-2.703931704066149,12.839369563532292,23.951793131610007
-6.0,2.0666033605858996,-5.561823430985061,-7.628426791570539,1.7143790927767637,4.841760138298872,-6.572162303575522,6.801409697838321,14.120922978398355,-2.7050944173914546,-9.576185970451645,-0.14347034826030658,-3.2460843373660087
-5.0,18.144107356009297,-3.755455600806701,-21.89956295681561,-7.150494737745974,20.0116055799765,-12.874778200041815,4.634287714660321,27.660086414859865,-4.334997699938942,1.8366252018590683,-4.638245468052887,-12.386011734886946
-4.0,6.800237251300862,10.76183686306346,3.9615996117628933,-8.73775896696834,1.4005889240979403,7.320832670916062,1.3679577684775999,9.253009858464374,4.025884941475926,9.259295042321202,-3.751068255503392,-0.7950032044981246
-3.0,-5.95571827200768,15.038640045733791,20.994358317741636,-4.496994435538376,-13.42443805040976,18.05771275779186,2.923140490429914,-13.19777497731937,7.15626621336682,9.231411415474753,-0.11546740352885898,1.669551953398281
-2.0,-12.329442899941844,13.40890192684051,25.738344826782228,-0.5718182530783633,-18.990852400013306,19.536867733073162,-6.30632618550729,-13.477891308825711,16.904980748761584,15.007175803223308,16.140355919782586,8.297682131165754
-1.0,-7.444029115353762,-18.64035432761376,-11.196325212260366,13.01169314308034,1.8363292676239045,-14.87677097947582,-3.5556478833069187,-4.621509950343668,-11.068806596434776,-11.729371541808687,-4.444790394492571,-1.8826858041611496
0.0,-9.849937605287312,-33.02262584158693,-23.172688236300118,21.40537319909898,6.621047108020682,-28.056263265691594,0.46650442146947535,-3.088692706791657,-22.617114685588536,-26.81353380091078,-17.401079928942163,-10.620074041742193
1.0,8.829017297795305,6.156618581486036,-2.6723987163096137,-7.526367753672105,5.79125278447629,1.7057255670368754,-1.607129537952142,-7.76451283329108,-6.137405071702972,2.7731188769879047,3.031434382168083,-0.34237892886885746
2.0,-23.20048954052386,-3.0663454768095506,20.13414406371418,13.174841476909783,-21.70232276049698,8.499764478036985,15.067965720119108,4.207892327123173,3.247113794179109,2.4139967592795064,-1.488475711151142,10.973599833436321
3.0,19.50138339415131,14.471742704148975,-5.029640690002151,-16.948318749684745,12.311860424757636,4.768772864070325,-1.3096536856619316,6.57389863601534,9.622396674705504,7.117480063784255,-2.2995511977594854,10.368545490732055
4.0,28.13496239689209,23.613679798145544,-4.5212825987461445,-25.8373231653479,16.296305219720573,9.518534848509622,-13.755496875300683,16.313338023905683,10.682717835953405,14.42440468262772,14.862135492262862,-4.632546556165386
5.0,8.416514638611302,-4.833596561872506,-13.250111200483316,-1.8322439874872138,10.87795540137924,-9.066386258279044,-12.023486359743126,11.320899220041522,-2.1017897031670936,-0.7618382997062279,1.6514447772936292,-25.25578004824949
6.0,7.558527402551117,2.707110100017538,-4.851417302533106,-5.17112270813749,6.165723746768465,-1.0153098945191037,-9.771953305256607,-16.88111517720917,-3.574610577370475,0.2038491979875814,4.234009675785902,-6.521561900217507
7.0,-18.969336983630807,-11.714140828675312,7.255196154955583,15.385134091934223,-13.158438296474175,-2.249345719265419,9.014054317274283,-12.717569715335072,3.4753152543286356,-8.66663220132096,-3.3816260563360583,31.689445093751672
8.0,-28.214912128719483,-14.092624969022962,14.122287159696057,21.12113130311039,-21.142801993950943,-0.003596856420238659,22.49071833157959,-2.8013848914382606,1.2352769657373734,-10.337426599210328,-16.073620443594912,-0.8686982595645674
9.0,-23.875503725678804,-10.233345029679406,13.642158695998404,17.024250399025195,-18.73754499961371,1.6868480873638536,20.319494724277547,5.0542111912968775,-0.14052114762200674,-5.5799260801260155,-7.596668957782595,-10.827847572238838
10.0,1.0987052389857723,5.144478975085094,4.045773736098386,-3.070322275548045,-1.4530798303560104,4.656543309139371,11.558925168678684,11.265346326416871,1.1243156661438203,1.032402371445805,5.533228792453415,-2.175634185974922
11.0,47.993180686543965,16.504964181610845,-31.48821650493364,-32.27317150353607,39.76397971519796,-7.509587175840043,-20.999879577971527,-3.9348203787707403,-4.5996798720679415,2.849115980531219,2.913966541001548,2.3284025506646677
12.0,7.980600181383643,8.249664859946659,0.26906467856318805,-8.056552949046534,3.8052435673249434,4.239597766979535,-24.606446016794592,-0.8163755621098687,-4.574151062015101,17.759997503750828,19.95069660288731,12.917792144297044
13.0,-16.087634586297725,-0.8028987109450441,15.284735875353093,8.428621197844887,-15.653339612976481,7.21787829685927,-6.383115950523713,-7.947085375432982,9.091021684263257,16.81267642153372,7.9413505331151715,-2.7507662080996327
14.0,-10.559759885911859,-15.922358606587633,-5.362598720675455,13.226118582468846,-2.642514979812194,-10.591591157669882,-0.9411830549429432,5.739066439020661,-9.038182070423598,-13.550748114229247,-11.641833818708353,-18.86263425424467
15.0,3.697227001624624,-11.879394303072594,-15.576621304697065,4.074912783397755,9.669813563434094,-13.762034756621663,0.8212883260562274,1.8993022350053588,-13.803860453299862,-19.50933748010342,-28.793206574749632,-6.152561116362531
16.0,18.417125009705604,30.71439583616351,12.297270826457806,-24.5861614543278,3.0085938975071165,21.543533576046055,4.192945784380594,-12.238929863259006,2.6730757098595994,8.325059060675715,6.951593806784146,16.947793631626652
17.0,8.542759460915164,17.46318073438966,8.920421273474519,-13.029369507343473,-0.16859431423773485,13.143602945448498,-7.789376938577296,14.791236927386677,6.866653768293748,7.096916494686316,19.622506374555073,8.53322119640108
18.0,0.8976453344747211,-16.777484191694754,-17.67512952616923,7.986558724588576,9.300382185244029,-17.202070712107023,-0.30691118838112086,-2.992708649022936,-7.715583461567579,-17.753323071299246,-2.68868001878037,-0.38560605518691826
19.0,-16.914907380326273,-18.42256768331826,-1.507660302991626,17.711848688054197,-7.692461672419381,-9.945252733484173,16.678681730652592,-4.15291974070558,12.396220207382084,-4.216285947805027,0.23227746161950558,-2.734645507105848
20.0,-36.82154794855302,-23.81211526429524,13.009432684258226,30.280636867863706,-24.90232470876091,-5.461590559629711,29.928905581642276,-9.884781005838137,16.33162194710566,-1.7987506361178331,-8.011975592743893,-11.84561249790023
21.0,-27.676451935852164,9.62642657270955,37.302878508561804,9.069299031234713,-32.46965637195778,23.485537239385998,20.49682720005136,8.013607436003603,30.24735555936155,29.2377843793229,11.78805214149089,3.945460929433259
22.0,7.577998629151032,30.232004883329612,22.654006254178363,-18.937195636122038,-7.586258571011432,26.470029906791524,-11.105925066422353,16.519836793795307,-3.428914475724616,18.770934871845917,9.060451671204355,19.74477524037552
23.0,38.902043848850624,2.515195897233415,-36.38684795161756,-20.739879932893537,37.608553505055866,-16.899893128550076,-31.874339062498763,16.462111041923812,-29.860520771575455,-11.674704265045472,-11.999884773441266,-10.851930759716812
24.0,53.717807091081596,-12.322978769544445,-66.04078586062619,-20.730148098518626,59.93468382866286,-39.21495109677831,-30.222169429888865,-2.3353952300019496,-32.5047112060215,-24.774404500067988,-23.027669664890134,-17.733520599035472
25.0,25.193069607110935,-0.6452239258059332,-25.838293532916854,-12.231634738387045,25.503680838906828,-13.26660995498613,-21.620688421102617,-29.496855486074715,-21.419623236647706,-14.629939701741453,-6.5242272913411,-4.603233685374423
26.0,-20.475413470735397,-4.359289311659798,16.116124159075767,12.454786692450035,-18.29856170192115,5.858197571692155,11.314122680783377,-15.574566033811248,9.443753306510418,-2.4428316940412476,8.770053054752408,-7.548265085716595
27.0,-44.030568974804176,-4.214981107808856,39.81558786699554,24.076921616546286,-41.91962040106384,17.858773771552407,27.726180218778744,1.3235959555571917,21.882748007109498,10.264913027119663,10.324111073983602,9.772736380075656
28.0,-30.210695439913767,4.2882905245355385,34.498985964449496,12.990988865127061,-32.348813651189275,19.368709555644614,10.662197954088164,-0.3160106119550692,11.506140215104164,8.525728723154874,11.163970738933832,17.236135077157744
29.0,-8.995188344099088,9.346996391319433,18.342184735418616,-0.14730225633634753,-13.664373040732588,13.811609091786618,7.907759298116478,5.655683120013535,9.319563661225107,8.549870634091196,10.789713402657357,24.749964866501216
30.0,-0.6965498216365988,14.31291669584339,15.009466517480044,-6.857631885311335,-7.854969908650877,14.697403711473394,13.154682050252692,17.60589331174463,18.10978792819735,13.564756791658445,10.23390025617391,9.278487546069675
31.0,13.525002626944584,-14.451191958041935,-27.97619458498651,0.415910647591029,20.738117287921874,-21.186413969373717,-4.676984236681372,8.086926597603659,-3.3110330712084473,-0.6849751847557592,-13.426236531724884,-32.03385567028694
32.0,27.8796244662636,-12.10447141937226,-39.98409588563587,-7.852625762992167,33.90573820760256,-26.102192856223077,-12.488263892907668,2.0451150377456653,-4.45884172218254,-7.208959383684085,-15.918410333929339,-20.939953985405285
33.0,20.697702594073974,-8.18995344076248,-28.88765603483659,-6.215094110408461,24.830467215093375,-18.520664568488563,-26.03283270959915,-12.001362029608707,-27.182163197814024,-14.896987839236495,-15.101880644790405,-10.81686516893185
34.0,0.7063541229383574,13.810644867096045,13.104290744157563,-7.216542577656867,-6.174776375824155,13.4770511690503,0.9694416113107138,-7.8725620752044465,-11.466646114436017,-6.508671713941181,1.8456025435381278,5.6142995964141935
35.0,-13.468516283909997,11.483020575691604,24.95153685960154,0.957071690017262,-19.274432249916664,18.241973824807264,16.874283381339414,4.488399926653765,4.856392660459365,4.3787377539504435,10.222964277940289,18.96166610055892
36.0,-14.598332742174456,-0.5427472542489467,14.055585487925564,7.532807765245907,-14.316681195816487,6.709929073792452,9.918321859780844,2.9816431620418116,5.67254173572038,0.270084007531153,1.2929685864762064,14.408794678019351
37.0,-25.384438663057992,-19.884591268536703,5.499847394521394,22.591504569036328,-15.429134265092776,-7.230509198450179,-4.6556155225278175,-1.628527026273585,6.404302783432145,-1.4921944799391245,6.485530549693036,9.249396777619495
38.0,9.257631423068842,2.3401018546209817,-6.917529568447792,-5.77027011402777,8.109641090570655,-2.2407754947563077,-4.481859758881068,-4.2742955335105055,8.529264519658618,6.892438283476619,6.934854437325311,-5.16944814778974
39.0,19.136088646265968,7.747848765646917,-11.388239880618999,-13.42006899711261,15.297452067629349,-1.767712579638669,-1.3631541237317524,-0.47925776911964446,2.916028312189793,10.556274625709847,10.344126819206645,-8.650818542471395
40.0,7.355530857357417,-2.644664812523202,-10.000195669880563,-2.3375666343890646,8.648380063734278,-6.348398652293967,-6.201035103361749,6.022629506106221,-2.514993257956224,-6.419424603980493,-20.84722944493462,-26.643799679869396
41.0,-4.092615049595457,1.3424697069811204,5.435084756576639,1.3926665356568178,-4.782308074226588,3.3580954836208514,0.2955386448582642,-6.1799141563507085,-8.224511258377609,-2.644539791628613,-8.299616041026795,-12.16905017260873
42.0,1.5790736263038707,0.704224397016145,-0.8748492292876628,-1.1209984467046894,1.2138426850046589,-0.12528356657562678,-7.029208861303376,-3.3533604781236694,-1.3271873526498306,-4.652837159729108,-4.519455021241229,-9.239435722997683
43.0,21.97026872332539,27.697473816779052,5.72720509345363,-24.887139268742843,8.107258470238554,16.739105570184936,18.713493243127783,13.628744891119378,2.1184390474726595,5.829729952987176,7.99924585700826,54.10389870080584
44.0,-33.364861810578034,-25.003876331707367,8.360985478870642,29.13595354891943,-20.883545885378645,-8.306537179578708,13.930066842887413,3.976969756941995,2.674956158098569,3.546449498769314,10.77298761489879,14.552230052022129
45.0,-17.848224015787878,-18.821312340809545,-0.9730883250216742,18.36887654599574,-8.388236848002549,-9.8910165002014,-4.463729220485336,-14.458436101511495,-5.339981201196158,-9.22972099726725,4.2099702419611145,-0.7115970872555426
46.0,11.163556919950455,16.009223541095825,4.845666621145419,-13.549726365901963,3.2000585271688498,10.430079583450107,-10.281062736722166,2.406356854032386,2.432731114501798,-0.31879619041677776,-1.0334517452463734,-15.361376095825639
47.0,5.687060259766071,10.703454832943642,5.016394573177586,-8.23548082754992,0.2922772448199571,7.864604331520102,-15.768500305966114,-1.9917005560846615,7.334175650919609,10.290867152577698,-3.191859808824832,-17.106576098259062
48.0,9.407173031322692,-13.902965845724674,-23.310138877047407,2.2882080759952084,16.392613260699463,-18.59550625870756,-1.8341237168592972,-0.2531491750360224,-9.311049882219754,-10.090627892302226,-7.718049574863999,-9.214546050392906
49.0,-6.583659380712137,-5.380809826741778,1.2028495539702817,5.945717992450274,-3.9364286798376664,-2.0696589569220265,10.668907415549667,4.114597076573564,3.5787465659967914,5.015246605141052,-6.358240072394931,-4.477182642213278
50.0,-2.6043748531338804,0.7052368857233584,3.3096117388571313,0.9934768709326212,-2.9962349137215,1.955587540047094,1.9485511103558206,1.9685852857481614,-2.7905875097541486,-2.8596290263544066,0.9751301381626587,2.142169310284767
51.0,9.122041889037753,12.804495861209427,3.682453972171573,-10.997533567361728,2.7642531641552615,8.196744748133979,5.4060801942659555,4.307039585363805,7.159595393147808,5.0772166204918925,10.448005726057445,16.80568267609719
52.0,11.122742671488355,-4.331962912599479,-15.454705584087915,-3.352330922576136,13.337829165973586,-9.859189244643867,-0.9091214734527018,-3.0616837962737327,-9.37310945652684,-7.797278144124218,-0.6453700548587458,3.7689653798833262
53.0,1.7398832526481496,11.604269439284641,9.86438618663648,-6.711618763317967,-4.088797871950488,10.768255575044957,-3.3360031576166933,-9.168225600906926,0.22259738085342784,1.3751959709021198,5.340626560091367,5.207155360012644
54.0,-4.38463192726671,0.6593221375140486,5.043954064780809,1.8173337645027245,-4.740234525441087,2.884123925604621,1.6499576529360382,4.136343907374518,1.3227665742729413,3.318053247323795,0.3497119612357178,1.756984058211236
55.0,-17.508090745920416,-6.305988101195875,11.202102644724622,11.934225657493478,-14.383242279773455,2.400091784865022,-1.0211793719746027,1.7814659002718733,8.8307880887875,4.251860328738388,-4.081880239508677,-8.906555999779496
56.0,-8.372322032484323,-5.153706362485639,3.2186156699986874,6.785450609963277,-5.749356202853728,-0.9381214990994116,-9.786636290184836,-6.72320228563657,-2.4963384710910894,-0.4703955553053536,-7.223279626815326,-6.294547215762345
57.0,-0.5567127698704555,-9.91354893737013,-9.356836167499733,5.2559564180878855,4.361843839409946,-9.68510884520898,12.719722568699911,7.746394199798108,-0.040147400329092364,-7.774505370886569,-6.435410385618009,0.005890570895775049
58.0,0.4273571942592693,-11.901295981459914,-12.328653175719255,5.759968286946584,6.413257149810789,-12.08541475246733,2.276959231151204,-1.9319518869065724,-4.835186134240016,-0.6660140209759629,1.0541124420066703,-9.43267182813234
59.0,10.614858908070286,3.2822635977663124,-7.332595310303961,-6.998909694976024,9.005033351310832,-2.071602205465364,3.298934070823971,9.49916967321493,1.8889833528363464,5.693265488225247,8.319589888324966,6.545873086912973
60.0,9.084881596425767,21.41220086712841,12.327319270702777,-15.291704699844228,-1.6709019755301417,16.907431948121552,-16.093434589566236,-3.7743800201175413,2.8445589143999284,3.892769857037468,11.337506776448985,15.329860443182246
61.0,4.443116898966018,15.623045744416608,11.179928845450757,-9.990365312754449,-3.3401065710758915,13.44707126111686,-2.9975866406822904,-4.152679561402368,-3.0448796041743815,-1.2594562977953987,1.340810066813062,1.9898085941076893
62.0,1.0140910928199223,0.13674421772816903,-0.8773468750916757,-0.5274670190917581,0.8954399442982324,-0.3940242948138142,3.4016742785614,-5.272198924887821,-8.652195205049363,-5.425599658986142,-8.448306442939648,-8.798673640835139
63.0,-9.468154758873194,-9.233546119318333,0.23460863955482525,9.321808655877685,-4.822316424295691,-4.514117841435723,8.712674583358393,-4.965738466567348,1.4007005156212382,-1.3716826042517405,-8.168846937538795,-3.6131733647790414
64.0,-2.552182659904874,-17.73726100087815,-15.185078340973384,10.11293632816766,6.346177701721768,-16.469344177648765,-4.623960786477584,1.1433341347481802,1.5221143625754647,-4.803262210112099,-6.030335893692659,-14.533696254232698
65.0,-1.0908822893931243,0.04434635533861986,1.1352286447316366,0.562909241844217,-1.1615400856786218,0.5836452296900703,11.138656416034713,9.35717274149125,12.103095252245868,4.111920477937552,10.785456491477081,9.8870822555684
66.0,7.440862743114164,-0.019502741185547734,-7.4603654842997,-3.760540376425448,7.481198038989661,-3.749401032756154,3.7911822375250606,10.003179408563412,4.929668079965777,5.255321061314955,5.7970266633947665,8.473767784403242
67.0,4.1968412519976175,8.36216079278858,4.165319540791064,-6.2624747377346095,0.04649542270879414,6.324559610665483,-8.43238542595657,-3.1374988383443077,-2.5429998073607014,2.44454423267267,0.797945251703581,10.988717697372609
68.0,-18.99082894949084,0.10602003310540464,19.09684898259629,9.449440080883825,-19.091595889810666,9.571179865085558,-11.885106335605736,-7.630856254028757,-11.467380904337661,0.7839487593117638,-0.9854368334500181,1.92717405888894
69.0,-3.1633776970156835,-4.313131439870019,-1.1497537428544007,3.7400090931956784,-1.0536555564368397,-2.7757589597568293,-4.227226210831149,-4.525273529534029,-5.436806004830702,-1.5006912308894962,-9.316440644662242,-13.570004671132876
70.0,2.2245573665808043,-3.4264384633724063,-5.650995829953335,0.6039443196661695,3.971899208839672,-4.517451107667647,0.06995190552625585,-2.410898353247167,-6.501992802674244,-8.013370042169939,-7.51595412001142,-15.965484591845243
71.0,-2.0076606798577883,6.70152369835438,8.709184378211965,-2.3359653228107424,-5.3204740950597325,7.716969029135008,8.857873927428619,3.0000388306712726,15.599484655466362,5.030149560517947,6.549588765189202,3.4592880179385403
72.0,16.717211734872972,6.342424733915779,-10.374787000957415,-11.505784566003268,13.588880731033214,-2.0087510795563563,13.498151745628036,7.107623003516327,10.577819618026064,-0.11521515038573163,0.6177556087859211,1.0766396485060155
73.0,12.46226071898557,19.726101549339305,7.263840830353627,-16.133742733317437,2.5680220315520526,13.504385898817912,1.618229288006975,-1.644261924545607,1.3590079626490654,5.331856082558764,20.744106294978007,22.753813839662012
74.0,2.0303748511399418,-8.618783316043874,-10.649158167183758,3.268246912470893,6.311392928609992,-9.617140740912905,-6.581378012460904,-1.8798549928104915,-15.620445296871104,-7.18527549641437,-2.0759440486726684,-5.199230907685886
75.0,-9.755491853004047,-21.263466069740456,-11.507974216736205,15.570997855884546,0.847907610052019,-16.436675527206305,-8.68430628705562,1.5850071662571914,-10.945112517744379,-4.017976455163031,-11.663282919538398,-9.235222827105064
76.0,-21.592965252590837,-28.013524350018326,-6.42055909742722,24.78765395412018,-7.616797902027544,-17.17709073637429,-2.2190868821145404,-5.247075767723712,0.5181465198425173,-6.285887675961339,-19.083708909365896,-12.422162725247652
77.0,-10.485944179479837,0.5087972974973916,10.99474147697741,4.9669977402646825,-10.695019866340244,5.724220699351487,2.4445960533218147,1.1010543161222657,18.154959934305786,11.169791435992602,2.4089179160922995,8.930117903277498
78.0,7.724673177784721,21.6638034655134,13.939130287728693,-14.72808828324658,-3.0632299793036344,17.782927578817493,2.6002304181333913,4.301880793984125,6.3052155076093195,9.08719422300993,15.124654608516567,13.371278974261122
79.0,23.194867690469145,24.79463907362229,1.599771383152964,-23.965454006166265,10.764247717413689,13.184952192459566,2.9106252854427663,5.629955310288704,-1.5958170059541166,-0.22549146922448315,4.590311946987706,1.079290299793544
80.0,15.80079219824501,7.699805775645213,-8.100986422600055,-11.736077223273606,12.000290979900525,-0.13046596314008596,-5.631800526526182,-5.212231185190044,-11.036627088588434,-7.002213829181593,-0.10142488103161362,-3.6577844741752905
81.0,-7.7786009079687375,-3.9895223622499554,3.789078545718535,5.887422794953718,-5.808459085462372,-0.10772939605112297,-1.9074283656509299,-3.151548546791096,-7.053000174201914,-5.352157728040219,-3.9348936564941988,-4.755890940163661
82.0,-28.34691831714558,-18.570087174656923,9.77683114248855,23.457792176578103,-19.083327951600864,-4.4055540723043265,8.943789220676965,1.3867678729255593,-0.06368427152241463,1.5643220813357348,1.497421392955824,-8.28572062024484
83.0,1.0278988571106051,6.602602792114162,5.5747039350035745,-3.812355982164304,-2.295084213343836,6.075703867045217,-4.309124272160934,-5.936240044099256,2.192890106358935,-2.077316733347164,2.3238506028110337,3.3515052790347433
84.0,9.387454228697607,-0.8051358184449233,-10.192590047142403,-4.27781563360757,9.764230408608842,-5.518153138294095,-1.4404764931396805,-3.2679518980531057,10.929697518169826,9.358065749372612,-5.002310363370105,-3.428250182293158
85.0,3.4890291714333896,-14.089360556091384,-17.578389727524563,5.24989195780422,10.579689996061346,-15.86089080977686,3.6742575090186316,4.069714890055767,3.565521770788634,-2.661986678977561,-8.692177829939709,6.837607055478067
86.0,-0.16854091709255137,-9.19159531658256,-9.023054399489766,4.725505987856352,4.465392121461034,-9.063229748370112,1.5434091665876137,8.480125200746626,1.1800339486479223,0.1851155357703054,3.264827132766242,1.0695224251358173
87.0,-4.549234073136665,8.857639987526536,13.406874060663458,-2.1716246577034886,-9.025204648072071,11.170330538138877,4.827469381413387,2.967234217969907,-3.6426809362621397,0.7123095094520525,3.0905803579256537,0.37382395408912883
88.0,1.8442514594007795,10.806827428575868,8.962575969175212,-6.3305571245217624,-3.5311070678103342,9.840677042859285,-8.184331086087546,6.210575817263052,-10.027611515852005,-0.7503355556228297,4.968331077865795,2.033687941590502
89.0,3.9438465984230175,-1.7333468016006464,-5.677193400023783,-1.102929068206631,4.76012090121212,-3.67089515107076,-6.628529296203188,-12.480305553887153,-13.649888634549583,-11.025794849231191,-2.7315249600626013,-1.6623338568275703
90.0,2.1276023900636507,4.353051173355515,2.225448783291587,-3.23631985108035,-0.01650260431498729,3.2472223869414494,-2.768824789829285,-5.043889163011743,9.16339162690165,3.263766085507645,4.753070822119718,2.7872893124173546
91.0,-1.4811313372010648,-3.849866833680883,-2.3687354964800993,2.6659087327047266,0.48315268578769444,-3.146944454629666,2.223777698148057,-4.135821553910802,6.189708356057943,0.05392331002502426,-1.8995736498639544,-2.037103902068314
92.0,-15.424678897406938,-2.6054014450847873,12.819277452322,9.00769386504485,-14.15313807417202,5.153588430469596,3.969501145997345,2.6500507234315807,10.636780981600086,7.53881981736601,-1.3411930020624998,-0.6645619168814634
93.0,-6.2826087855390895,-7.097735050781645,-0.8151262652424434,6.672472164759405,-2.757153205656236,-3.904214415109463,9.819083747341383,0.5458187793403158,-0.035712927714090625,1.9623378731130443,-7.187140293834834,-7.921553002536446
94.0,22.417757958099386,12.080213896792884,-10.337544061306247,-17.199269956254675,16.359913682184608,0.8489772817762726,7.1271465984943045,11.9584807894654,0.6420859506535106,3.827249123104747,-2.9663494249039957,-6.565730473651589
95.0,20.318506088875154,16.671665992746703,-3.6468400961282335,-18.535112629706905,12.046275632148571,6.491444592077707,-7.28196498484412,3.8111346804658393,-3.9957856607909688,1.3700640271101627,11.166735908018255,12.53785788822395
96.0,-13.14738942766609,-15.2244430237632,-2.0770535960970697,14.21482387794895,-5.551124653909394,-8.673917095260771,-10.784746916417358,-7.459564751732023,-16.558152682494928,-14.898404536721243,-2.8497989424105707,4.757952246626788
97.0,-12.008678264197773,-17.872764404435777,-5.864086140238172,14.961386907746533,-3.0921047290830312,-11.897090969839837,-0.552512478859355,-6.166143361936253,0.10666617573681414,-5.44172657976624,-5.88848986350458,-7.810673450758918
98.0,-6.027782335592157,6.654793688938376,12.682576024530345,-0.3780408433739968,-9.380943926188932,9.711381936340189,2.8616244461206533,1.6308947496561803,13.662540218934419,6.87747819437225,7.208451186216915,8.026454863792383
99.0,4.603569859988464,15.038880146709547,10.435310286720998,-9.811334311501824,-2.869608685827048,12.772487244670835,0.7450396980321536,2.8883561144632224,8.655157881841713,11.424112858512444,11.90122652880122,4.449610732445136
100.0,-6.647912217252619,-2.672808378457761,3.975103838794977,4.668611570430035,-5.35009351032848,0.602306226314564,-2.2227335869317244,0.46256163341234047,-4.831260036838375,3.071657532503375,-1.1183340575748701,-3.3334806716935135
101.0,-0.23262303410771323,-3.2210006158292606,-2.9883775817212914,1.736690024650002,1.413601233244699,-3.0775538144965955,-0.027287063672482237,-0.33271290592318814,-5.795635243523413,-2.609711525602786,-11.22996624809274,-1.7288848847668477
102.0,13.08735764479325,-2.8328465319042118,-15.920204176697192,-5.112254725725872,14.537083907822517,-9.349589563107966,2.7886568699705183,-3.690263557451804,-3.9982771001684387,-10.188617618302956,-8.25185124839525,-6.184569457525062
103.0,-0.9777250861839812,-13.954991767751205,-12.977266681567004,7.489588479203548,5.953611040800589,-13.51645754514463,5.227036375059299,-1.0394946015019284,-8.461314450230544,-14.998697095211831,-8.670554742198036,-10.296377711616872
104.0,-3.9896875305021986,-3.127640322233787,0.8620472082684838,3.5135229455760064,-2.4717458073897527,-1.102290417972572,-1.189916286769363,-3.6975978321556946,1.829205708564014,3.855040523562442,10.226340302234242,-2.414001373608791
105.0,1.8136583173370355,19.73578760766441,17.92212929032733,-10.808536971368232,-8.02087294086514,18.782681218841613,-0.8036191147213438,2.1844566120000883,16.661240400359247,15.28302502895692,9.12664317256173,16.048394374704976
106.0,-0.6400619095770433,-1.71458131718623,-1.0745194076092304,1.233428402546659,0.2506081140323726,-1.360262107144191,-3.8369551409365665,4.717007162234065,0.8638071912265826,2.2037591182672465,-6.006787898983227,2.502986614346094
107.0,3.0624360798756243,14.381202194418798,11.318766114543184,-8.73431744747855,-4.095795356718204,12.807741084869317,-2.01525479279859,5.993996486909528,1.9782833804394588,10.287385092952555,12.84154729492314,8.725376878343788
108.0,2.8982602797522734,8.137820300453383,5.239560020701081,-5.522127804877518,-1.2193755309505656,6.728515465371416,1.3006229916814054,8.449990573011258,-4.378053300557398,-3.3625239578857316,-1.4687733316777276,-3.4620606800336713
109.0,-8.412019922819443,-23.45151855257725,-15.039498629757862,15.933692795067204,3.2615426794879268,-19.200965589394315,0.9292901769875097,-7.975082577413035,-6.054513220240402,-9.812805216903518,-6.246802487969826,-9.999229135540078
110.0,-8.333052739596374,-15.03761502115923,-6.704562281562944,11.690222734402038,-0.7913646191076105,-10.899573127339522,4.670133964346368,-2.9201407925240455,-3.786703754818812,-3.146481242674599,-3.677307540134113,-9.439977530845342
111.0,21.593807859244215,18.07887068091695,-3.5149371783274326,-19.832048292054523,12.57480329777534,7.259265858278846,-2.629899601167092,-14.997777448034856,1.6909878996947358,-5.5228481705313355,-2.6897383130232093,-0.7212027290920178
112.0,2.5893474703514876,-7.866844148299353,-10.456191618651005,2.638698833137001,6.543264405057107,-9.179395477796877,2.809189366460047,3.610408985367629,5.517027228752516,-0.12770150933372282,2.8634694836043466,13.097337854904438
113.0,-11.556719501717708,-0.3303045972031575,11.22641490451442,5.935771310329606,-11.368014490167695,5.433375844370758,-11.43052547412421,1.381586965405342,-6.073102640111429,2.680218878175415,-3.0510188369884834,5.209944446244808
114.0,-24.68014502067615,-9.843631541875927,14.836513478800164,17.24419386134878,-19.808083369505468,2.5618727856858414,4.300191619727076,5.3833382114409805,-1.1108645146215115,5.3178463069166995,0.14505819476012838,1.9723118412497445
115.0,0.3710046362861519,16.945346612601547,16.57434197631545,-8.686440699750287,-8.066264170913502,16.746065927858044,1.4708048879911775,4.680926377244868,7.474802204886795,8.984023433603452,4.352550378296788,-5.783424879206918
116.0,29.809697263692446,18.33115955777613,-11.478537705916281,-24.029397847953533,20.606536022416577,3.410220882777611,2.738257559254177,5.440743595776302,0.5530540672067805,-1.5168242329632582,0.8567547198917742,-6.108414728714894
117.0,0.19607640487306988,-13.947901202896967,-14.143977607769926,6.909784852489754,7.136350453899502,-14.066356139604459,5.63290622533251,-3.109332254778392,2.9093708094194595,-4.901247691858298,0.7108194577465692,-6.934021312598512
118.0,-7.293487236636163,-15.265625127354687,-7.97213789071839,11.308758609726832,0.3858821170738391,-11.567064165630782,0.5191065851589891,-6.9231881863791065,-7.476388674762298,-10.715821185997898,-3.6815031693558447,-1.4244088615530281
119.0,5.4476028609641824,7.91147119058998,2.463868329625896,-6.7319438021805205,1.5374697233470873,5.15207502486428,-11.176761982947893,-8.095185487236579,2.8988353764502053,2.2309149434849385,5.995272589450286,12.48126650072624
120.0,18.331176335306633,11.942679529029045,-6.388496806277674,-15.191278281269991,12.323584819205754,2.8099455444282118,0.2240530203679043,6.488850524297909,-2.9250179881082596,8.455854758812572,2.8953857652972546,5.652881257260815
121.0,-22.676644376345926,-13.884515611853471,8.792128764492272,18.303567330578435,-15.775417743896563,-2.6028671274645108,-1.3730503302687571,6.348006480014051,3.7200799216705573,4.1344838034043985,-6.967048147415752,-4.650339544948919
122.0,-11.530909248361603,-5.067788655037229,6.463120593324185,8.321859428902968,-8.96504200764149,0.7103064052687496,9.340722059804968,4.549127183267139,1.6508302102850665,-9.04374595776072,-4.774113302466952,0.7597713351081945
123.0,-11.246684002830232,-9.036679353591655,2.2100046492384573,10.165511994163426,-6.702101241678016,-3.4066436785605587,2.2025866047746767,-4.615049480405766,-7.811154740372372,-5.377325772215232,4.471721647253332,4.115047852433436
124.0,18.60327226472463,21.975989391392343,3.372717126667606,-20.340773458428817,7.558203554225731,12.680412454044314,-9.403616649292392,-7.901681549929206,-2.426415424563203,4.126922094801859,-0.9922392000738698,-1.5633668773223903
125.0,-4.6365946553053465,2.550696817689099,7.18729147299423,1.0766837650751357,-5.89261339631998,4.880481301650466,-1.838674167008491,-0.6068312693632696,4.320573423725994,6.321737845377256,-1.5699714585122797,-8.927132502141443
126.0,11.01077397881768,9.359405987169044,-1.6513679916489692,-10.143953977013291,6.350932424179517,3.8761714084670302,5.318316606669515,1.450640640866544,6.991594252862175,4.770618680198636,1.5310785185750282,-8.753625256730151
127.0,10.291388656897379,-9.031716116955602,-19.32310477385322,-0.6605699254143933,14.830515952516725,-14.220493451773589,-1.0881830667927743,-0.09976013581662402,-5.382340539492956,-4.143478418171943,-0.4824251480607109,4.332824934063966
128.0,0.8233645257996436,3.322875088921026,2.499510563121289,-2.09936773387637,-0.8879961279055522,2.9598569012155194,-3.8610917858591662,1.295499610363031,0.17788838852376443,1.7234326576786907,2.1325572709880816,7.314932608926272
129.0,-11.159755089141322,-12.06121903328019,-0.9014639441388355,11.585137713626647,-5.093854844913428,-6.502302251709648,2.487130872076385,6.950168306939141,6.855842482339623,-0.48326984162240905,5.22867059995982,9.431645005024386
130.0,-5.942866313702985,-15.557372571730195,-9.614506258027038,10.800821588820083,1.798367623080284,-12.603902820760325,6.898761225431585,4.137833736299508,-3.3770533630608646,-12.527714304164414,-2.360617434923994,-2.9601398585928544
131.0,-17.85106457788521,-23.050895942374083,-5.19983136448871,20.417806550659762,-6.279840019203111,-14.146817757040711,3.663017286623155,-3.475161268568158,-6.618261874225612,-6.472884791775801,-5.085395209806912,-12.595360114851516
132.0,7.402873259241777,23.229013208951827,15.82613994971015,-15.276023293331376,-4.242154026177943,19.49782395658749,-8.225590094477903,-7.593534043853617,-0.8149992429449737,4.315174043148218,-2.1720374297687988,-1.967907731969536
133.0,9.322524234902147,28.0111691601367,18.68864492523451,-18.709893918989785,-4.7130009303743,23.38884262672571,4.348817819296797,1.536558932058469,4.598975889519515,11.599425000028107,0.024273909436915986,5.049164035759959
134.0,12.838037554935724,19.535724227910052,6.697686672974235,-16.152539113785124,3.1183431331653155,13.146941975987355,-5.545079894767384,-3.8286352949370976,4.355640111569381,9.33597082909747,6.339943767079964,13.293847331147683
135.0,2.5159955429301917,-1.1258588320105059,-3.641854374940735,-0.7375864213134005,3.0472665691948095,-2.359044293991368,-2.5429814185035644,3.340238057805985,-0.9053151290924997,1.9025827447297718,4.949986296350838,6.790881410365833
136.0,-4.212639136501311,-18.431824440063032,-14.219185303561767,11.36274552727113,5.049353914414269,-16.302775706054334,-3.532659292345039,-1.015972195176586,-7.168981267850968,-7.861276550972615,-6.131476570284251,-10.694007352021583
137.0,-10.128843305100604,-24.50592772435495,-14.377084419254471,17.362571268551193,2.0904514495953666,-19.49769009381752,-0.10364287557460095,1.6843577111639443,-3.614762097542968,-8.289418590272907,-3.8533577526312195,-14.986530806029544
138.0,2.159714401392704,6.925420742549424,4.765706341156493,-4.5736444531773195,-1.2594562752436183,5.789308396901562,2.576488353488346,1.1224541427519008,5.408627715163899,-1.0092911439552719,1.5246284402841996,-4.341239749152709
139.0,-3.2371375192616068,-10.315290275297391,-7.078152756035939,6.743267692078209,1.8825360996066183,-8.675344983960048,7.58428927801282,-0.5209472610670489,4.184015268223552,-0.46388408225065003,-1.406632269655124,4.117540472383499
140.0,-3.698152450767235,-2.6799680649540907,1.0181843858132167,3.149147910868389,-2.400438108808652,-0.8116759876039004,5.426644805295779,1.8674118847800525,1.8622556858097816,0.0633904569640843,-1.012689872006683,7.57673959653057
141.0,10.337120153240825,18.841255419037278,8.504135265796647,-14.561182941892536,0.9474969580669779,13.689522987817378,-4.068389236480032,0.08301482558273487,-2.2725590736796706,2.829566903953748,2.901465143704314,6.407843269798394
142.0,-5.347868285674526,-0.9994812486028462,4.348387037071876,3.18987579159171,-4.822793954773204,1.6895546112415527,1.0856263458651236,2.1195370640651694,-1.4608150879491615,2.5580800699596433,-0.15049223809536727,-0.977671678798318
143.0,2.742264052009245,10.53741731015332,7.795153258144207,-6.632879858699916,-2.5057237495716747,9.180707160708462,-3.362624033090732,-2.190500556815086,-1.0523275808597146,2.8759216369201224,2.8373319380378614,1.3237131197390066
144.0,-3.2423643692917947,9.34013968697913,12.582504056270912,-3.0456807926194562,-7.972889098072299,10.897122736781693,-5.3437594167801015,-2.9029514560301637,1.156821618674395,-0.08541132898816683,2.611462873163796,2.794657676250175
145.0,5.277469168346297,-10.994456158126422,-16.271925326472903,2.8647982934872465,10.793509222479663,-13.61828245025378,-7.230170067453232,-6.066406383379836,-3.70862884159606,-2.141434245135425,-0.6414277466498726,-5.99636246083135
146.0,0.933450231852055,-7.511437159297901,-8.444887391150239,3.3047201069895342,4.711690040214893,-7.963216754065821,8.11287322311814,7.254866981973663,4.457336130924204,1.4657562583499737,-2.654658436482585,-3.0953519441209574
147.0,-1.1006065698583214,-3.4537779327930025,-2.3531713629348934,2.227786522965525,0.5765801472202927,-2.8890858387594633,-1.8537593330935156,0.25425216829471564,-3.2240525243047022,-4.57121903421394,-4.322378850336662,-2.2268748278598434
148.0,-9.480249929056928,-6.523535424087355,2.95671450496957,8.046056910222669,-6.18119879127669,-1.7700738221895014,5.940004197651867,-5.442590732200376,1.961314722277655,1.0692895217125338,0.1411256205848206,-5.353291035113306
149.0,-5.084464682642398,1.5701663833135147,6.654631065956019,1.7356146710328177,-5.824129881824742,4.045936596432841,3.8392443008912114,3.407808019634756,-1.4849102632834552,0.8307861749435193,-0.17337979657974725,4.54178364303913
150.0,13.714620442933485,5.63564599063285,-8.078974452300415,-9.687569057496885,10.869318195740775,-1.209595361558434,-2.2534468660998153,4.4296304104011845,-0.45970858829226646,-4.232475296993928,0.6528838838461446,4.4809851554963505
151.0,9.269792106494444,5.341066147398383,-3.928725959095914,-7.313675324015431,6.573474860498638,0.7197035306684167,2.735466463323354,6.679358962048258,4.329299623118168,0.570064093835693,6.511735693507627,1.4149943123576914
152.0,1.430763014898552,2.0706816951783606,0.6399186802797963,-1.7594002036505247,0.3664068243690586,1.372339643466061,-5.450980969122486,-0.5990974696699873,3.2291634229483943,2.140728722770693,-1.3470697498875803,2.161497901060932
153.0,-0.7102570147518797,-1.2062316418219903,-0.4959746270701171,1.0244383635113792,-0.06471375064395857,-0.8291294311020116,-8.12521766238353,-13.2493073568605,-4.205665284143071,2.5722770029596056,-3.3204334322693176,1.4275939772186725
154.0,-25.97028658850624,-10.437168237344945,15.533118351161155,18.185404971100812,-20.797053229750027,2.574687731198454,0.9086970787730371,-3.8909964026616537,-7.236676182837263,1.383109093080787,-3.422571500870314,-3.233304312861461
155.0,-0.03339242482913107,6.050408794693259,6.0838012195222895,-3.0329217783974016,-3.032838032648068,6.017561363949738,11.60921188318914,5.669291632706685,5.1236610493628705,5.4300578056883735,0.9032183541073198,-5.9512394449652435
156.0,14.074256780021704,7.830968337848546,-6.243288442173208,-10.982027960424052,10.181052666769242,0.7430517163477572,-1.605579072499074,5.417371322800183,1.7882968208831498,-5.293954601423532,-1.7422342029360163,-4.982553483376467
157.0,4.410690113670324,5.409236692516531,0.9985465788462582,-4.863349156699533,1.7304931150949825,3.226768404177607,-8.35085292238534,-5.526279471425399,-0.3354517905932015,-2.7606559030800573,8.924052323585627,8.28752125298997
158.0,-5.303191913203239,-5.171849212702714,0.13134270050059538,5.205756005319694,-2.764166345684017,-2.504841297746858,-0.8727075938081112,-1.0220572176564522,-4.140107693351633,-3.4024246120820143,7.41087269422032,10.0613000859178
159.0,-1.2285251468080327,-11.913061152975889,-10.684536006167772,6.621437459689182,4.770661028268725,-11.290802722590476,8.325894214771843,3.6526335733935134,-0.5940086662274928,-1.45091054389917,-4.619722284063478,-0.4842622003995629
160.0,3.9442740432818835,-5.82519079968772,-9.769464842969649,0.9187568652303337,6.832227430151839,-7.794320929564389,-0.3984786487021892,2.3272056308932054,6.281634611639169,1.1898266519460974,-7.196191797686616,-2.7582389595310417
161.0,5.968427896549288,11.347985896636054,5.379558000086604,-8.671915309694796,0.2793421600982846,8.365606886459918,-0.009333861556800882,1.6202812801092674,2.494966216983551,8.39300617076016,-1.7154000668431175,-8.563243522061995
162.0,-11.148603375179666,-11.97343595769874,-0.8248325825192673,11.555456122601083,-5.1708845490691955,-6.39474816992464,3.263474165845553,0.8098821379510355,-5.0562795735313575,-4.7111767038319154,-9.158486511279786,-13.29224245780567
163.0,4.623731929736753,3.549890114398569,-1.0738418153382376,-4.085439242994371,2.842213567245232,1.2471860894816333,-3.756946327638497,-5.330339833498975,0.9299389526907946,0.3589784011021767,2.005519239162176,-1.6911509413543935
164.0,-0.7164269030351184,6.790174304860164,7.506601207895248,-3.030850313137875,-4.118454789532949,7.162241466099177,-5.204720651599799,2.37555506032942,-0.22350108469588603,-1.6763046677468476,3.9951518520209817,12.229516247879147
165.0,4.947901962646952,1.7357742796019364,-3.2121276830449297,-3.334189688991197,4.149942520259157,-0.8006857843771931,0.8977294127158131,0.5014646342630027,-0.7241396578636831,0.027084893982077363,6.084931310031932,13.776958059249553
166.0,-7.583389821368474,9.597277105263217,17.180666926631805,-1.0011190559831518,-12.393272421906518,13.404032670932853,3.2542442792973385,-8.290547357095209,1.782115333444099,-0.2621453214947541,7.808556379510469,9.77368809575572
167.0,-2.1011744427051955,-9.244434568865035,-7.1432601261598325,5.673316346788029,2.5071784074730163,-8.183348991844925,-1.0965572223489266,0.23477330474714186,-5.027411096256361,-0.6537680413601715,-2.7627337991117273,-9.090072267190394
168.0,4.595839437695681,-0.4428086283746815,-5.03864806607041,-2.084300222675969,4.80045890737632,-2.7366078433603818,0.555590135168702,5.014691463330644,-2.3383312481835636,3.9563255347052744,-3.5142807278687265,-9.106368319025119
169.0,-7.437389812049474,12.63245451896809,20.069844331017503,-2.615394211893574,-13.773706649194764,16.34948480924613,-3.540998251994873,-0.6663181940486926,6.790442987147671,9.543449286081842,3.2302524031922673,-0.9059455133695984
170.0,9.605451769484164,0.9335712198896631,-8.671880549594405,-5.297375010533521,9.115125369631135,-3.8735258305812477,1.4255931128936057,5.544025970248666,2.8042572711357434,-0.7595227027152207,-4.291835136934348,-4.873853242768934
171.0,2.9264580588949647,-12.956958645145894,-15.883416704040648,5.058342452989423,9.457000401389697,-14.42237750979545,2.323845997708098,0.22241109850147556,-1.17824505790293,-7.9851345266148925,-4.305996896912543,-0.3743501332075798
172.0,-4.247636907262098,-22.53342175033515,-18.285784843072832,13.429815993630207,7.068556981259803,-20.404172445896396,6.602738112831799,-2.9035715372843667,-3.6990423737118308,-13.86987687970561,-6.770027022719662,-2.84804531183951
173.0,2.6168657796725734,-2.8755746809718934,-5.492440460644359,0.09091803313095248,4.023141239266128,-4.166496432340862,-4.408935691918699,-2.2155403388178887,-1.2756067621391696,-4.797522559020887,3.1362304374729155,4.65966948335771
174.0,-3.287071414534288,22.417008366038008,25.704079780572158,-9.597900134367087,-14.529603475037023,24.092251744864715,-6.678854035335145,-0.5419608170894294,2.633566591041956,5.5184847190409805,6.647710701516992,10.974536768316922
175.0,-4.747342819579801,8.23815381255979,12.985496632139368,-1.691026988165917,-8.903759961673748,10.578054299048818,-0.6786740706045857,-0.8013711023237482,-2.518999969154863,9.606013428335228,7.577695894986585,-2.6196462109878658
176.0,7.931817478491382,9.054657074679737,1.122839596188058,-8.508095369810652,3.441742330357542,5.06459359310996,5.197986937073803,1.938050330726982,2.959071405923379,11.663032896937333,-0.8255671148462245,-1.3379129157369651
177.0,-4.601392630507496,-11.674331539644914,-7.072938909137675,8.131198431534724,1.2684949245640122,-9.393303623599767,3.1619421076954897,1.2670589780300014,3.3342559049917972,4.165279595867349,-7.3475906922979135,0.07001078278471917
178.0,-4.78954356869093,1.3767009763923275,6.166244545083024,1.704744005547898,-5.449322914336656,3.7513393388452636,-4.183639479608876,-1.8163398584342254,-4.470486819082969,-7.290092676672742,-5.998164028667041,-1.9167189914117542
179.0,-0.5128189691292598,-10.955402934261173,-10.442583965132002,5.7331979376044755,4.911791178278959,-10.644335496613245,5.987994997777011,5.3623182309821935,2.7538226138043553,-2.5487921094859702,2.3960625430204336,-2.391771893419474
180.0,6.705581048962642,-6.812912316568073,-13.51849336553064,0.04943488787891237,10.05820847257035,-10.116666995612718,-5.047975618796687,-6.038694442834053,-3.1977560855724807,-12.346011370377681,-1.064552466328541,-8.966272655591437
181.0,8.454741165901169,5.13069128142486,-3.3240498844761177,-6.803108623174649,5.916696802935569,0.8676500981405963,-2.1172317996370533,0.15450350280781477,-4.205674424925636,-5.3379507056377244,4.628861386012782,6.024649207872459
182.0,3.84635865355947,17.317635188985875,13.4712765354266,-10.59947570275155,-4.779095995259866,15.352965013242873,0.8307423788033352,1.2384650959481909,3.2594867121000375,10.594980720415618,10.495419596381266,15.5738683613298
183.0,-24.043481806220598,-9.360243988548245,14.683237817672431,16.757046708917507,-19.320659686795864,2.692905761227977,2.541318605217185,2.922698002271232,1.1869126782012132,3.9380479474413317,-0.7161660257987998,-1.8699719099734011
184.0,5.09440531853704,5.503670298523867,0.40926497998676403,-5.326460280129942,2.3174122791645555,2.9817021742172103,-1.619731480328349,-1.1469924398925098,8.723679398766368,4.85804221242061,-6.499561364925357,-7.57865418131013
185.0,13.545524353620356,11.440169746333282,-2.105354607287203,-12.44300321190926,7.809989109686996,4.6074394585479865,-5.274415351042744,-7.69028566444163,-2.7495431026473867,-6.578030714684809,-8.740335134088554,-11.154472733583733
186.0,3.40066111219672,-17.901746138689475,-21.302407250886308,7.221695922128629,12.34174081056317,-19.589405654427416,2.8074499621871523,4.7873228790685545,-7.393452122214812,-5.200283792003036,0.5630449086861287,1.6275744496342273
187.0,-13.111165394165127,-14.813027081183865,-1.7018616870186385,13.933645088103534,-5.714786950866925,-8.249432669137866,-0.4236363207474043,-0.5294780617667161,-8.217269292848806,0.15427617520379866,0.3532125428217696,-0.1341358871460207
188.0,-6.014453166447781,2.5881052225530996,8.602558389000961,1.6845997830438941,-7.325318202877004,5.601343404694527,4.324988971907084,-1.287640230866213,2.8646543379049274,5.199007336577606,1.378217069204373,4.733221034171262
189.0,-5.605709748721876,1.5079350690366042,7.1136448177585265,2.098361204749152,-6.309401705827442,4.318240225977032,3.8566848885211114,4.9630754170303035,7.057201422324694,3.098830757509508,1.849926481935694,6.59832785498958
190.0,12.469818258776455,12.558976880476902,0.08915862170035282,-12.544300276096784,6.147758955853246,6.336366463763827,-0.7818630873550134,3.201199041479427,3.6464604714190028,2.7985420649921013,7.010757399985096,8.264427248418913
191.0,11.920312039327301,6.74516875287479,-5.175143286452752,-9.283559121515431,8.57033523779268,0.8047162022167038,-4.104920826929508,-1.0714926835023526,2.2587033391209084,-5.917682860145914,1.2222892975414235,2.0068383031531507
192.0,-5.104926011177968,-8.022564685965383,-2.9176386747875487,6.536029349027971,-1.081499357466801,-5.52050004719446,3.120699177664232,-0.5530935948994216,1.9111239794127302,-3.44625070055271,-4.810457879756314,-11.665744324985166
193.0,-6.006884229241526,5.1772967825048655,11.184181011746368,0.39033651595626173,-8.589077322499374,8.138982479428908,1.9009105023433763,-0.9862159141174645,3.1985499125497574,5.851903078224309,-0.827319191104714,-7.415727567621241
194.0,8.906793764367622,10.89142759947989,1.9846338351124029,-9.840959949096035,3.4671925808480544,6.4828167020356275,-12.65443855110295,-7.641772811654216,-13.072759296949084,0.8401200310975544,-1.3344202511001684,-2.9088847891800906
195.0,-2.7407589216416732,-11.253555182613226,-8.512796260971502,6.979779832345231,2.818011720805313,-9.831903259433076,-0.9325076791657034,-0.23846712347618748,-9.124788576348417,-2.609053583172875,0.17107929499661223,2.4555326799153354
196.0,-8.824117018578695,-9.648476312909782,-0.8243592943310842,9.22031140609439,-3.9805810332901617,-5.259011611918392,5.877111600152926,1.2553208386427397,1.4832386739596624,-0.8852010515443786,1.1497828637885275,8.03913546814652
197.0,-4.205724607390845,-1.8207121210981798,2.385012486292653,2.9961587229984943,-3.265140973650282,0.26258590593284037,5.138794344816657,3.895164760388921,4.985328282684666,-3.6424474719948807,-5.175858688373135,-3.2207828660576157
198.0,-3.89787357638284,-4.748916212741888,-0.8510426363590784,4.3030383926919225,-1.4818556252645756,-2.8184552549235162,-1.2858586306610738,1.0393564188978686,9.484190639964126,-0.7458188423823983,0.06402336601860764,-0.4297657281785092
199.0,6.85625564579344,2.6493096737465516,-4.2069459720468165,-4.6988631461472865,5.503961688384963,-0.7979148085258072,-2.5705866755899516,2.3356588336858257,0.48210882879875605,-0.5466315661807339,2.9698447168559268,-2.1248857881446988
