Time(ms),I,II,III,aVR,aVL,aVF,V1,V2,V3,V4,V5,V6
-200.0,-1.0311511475608737,-7.067775656920931,-6.036624509359951,4.027468986861732,2.479875883725252,-6.50670204591647,-3.6323398813919248,-0.7684026062766762,-3.8083919166995988,-6.980858521418668,-5.8560172507788595,-6.551326656973823
-199.0,0.19229458865792343,-2.3048704803681264,-2.497165069025786,1.0379244606703923,1.4036244471782906,-2.4345977548910165,5.447663922448065,1.6929642818849815,-0.4308607598454084,0.2775604338357125,3.1709051746334156,2.9872726588299283
-198.0,-3.659863387955799,-6.714921954187121,-3.0550585662309446,5.249081560796892,-0.3200131473757406,-4.918908334818662,-3.7532323204757603,-3.8808883792052153,0.4829934089704351,-0.7355062761437243,-0.5147902248604725,-0.890808331117009
-197.0,0.6115868972491835,1.958849979124313,1.3472630818756284,-1.3024116469655596,-0.3850273083087552,1.697308162439625,-1.4881877665648848,-2.3634704389294163,-0.16597349304827952,-1.421553144185104,-1.2132516150228632,-0.28257471348877006
-196.0,4.985105495620607,5.892758936225859,0.907653440605642,-5.456758906137578,2.0192838680821508,3.443306597636912,0.1572142908390326,2.049977295772614,2.417519686935595,1.5360655545692778,-0.7351923394328954,-1.2750032430425604
-195.0,-1.7461486201304695,0.9950140708437472,2.7411626909743205,0.435696114295955,-2.268052529273896,1.8303959394588158,1.3778935306021665,0.3804501991593471,1.2898946132700502,3.609738989357142,0.37454701332690915,0.40146103727021515
-194.0,2.9913131867940463,0.40949330691011454,-2.5818198798842227,-1.7204129595523863,2.8342780308377273,-1.1268239494751977,-1.216724426876522,1.2014736336202188,-3.2138393896796322,-0.564028372845645,-3.3538221602784875,0.2622594552267782
-193.0,0.46703695681439306,0.7272130894088715,0.26017613259395656,-0.6200096540005992,0.065800437390095,0.5284591697687551,0.5061393996889977,-1.0971219910310503,0.5900803446100897,-0.7216503876496168,1.1856313508542997,1.190473810408346
-192.0,1.051079183188639,-3.2027349157474037,-4.253814098936577,1.0478425995416747,2.6888142664527503,-3.774717313753323,-0.9435834748878746,0.3684560028008208,0.12499795445147946,-1.8935880310740458,3.9220567651605505,-0.38781541726099955
-191.0,-4.507614229894933,0.8821856673540323,5.389799897248795,1.8561220667300447,-4.9140692299674,3.168195048395874,-0.5770835006231052,0.46823468338929936,0.43301696939735224,-0.6587996371481047,1.8337684891807546,-1.2319131485906498
-190.0,-2.0847260583746947,-1.4339854447152374,0.6507406136596625,1.7152698649793265,-1.4103071703318233,-0.3561416619683165,-0.2537873559380635,-3.220013262676346,-1.206435294812247,-2.5132108496921686,-2.1113039511493583,1.3803906021476355
-189.0,1.8670737765533159,2.514890385372255,0.6478166088192476,-2.16492649898891,0.5712473153916138,1.5446563810285285,1.2863846385846427,2.2814449259425453,-0.18591621726452007,4.060848329082084,0.07891620654555265,0.7872746228911074
-188.0,-1.634734979376919,1.2233766124216674,2.8581115917987336,0.22491105395596017,-2.200358729499821,2.0912216522944713,3.4600310190294663,3.5770314828464067,2.4885556316855197,5.335588272174499,1.9646427439173784,3.316175256536736
-187.0,3.6441298413032337,2.146005666141432,-1.4981241751617511,-2.8796312655228267,2.544270602541016,0.30354672045650577,0.8355731463477332,-0.8176343545479356,-0.6024518606826214,-0.8073846458235934,-2.383261611240643,-3.7790171242414763
-186.0,4.644435478609698,-2.14838778452748,-6.792823263137131,-1.3115951818986504,5.775122468579417,-4.486116364245128,-0.24925947347534247,-1.0306573964334576,-1.543735935105969,-4.326430076190847,-2.6341746682801634,-1.1731914471477551
-185.0,-7.4649874957384075,-3.707222130672861,3.7577653650655,5.604264554571193,-5.631374162171248,0.010199450953240152,-1.0545087514212284,2.7214263068562747,3.901205688759875,-0.8325537730574686,1.7891666658952379,1.0776644455446616
-184.0,-4.080658273784734,-3.4617564936357272,0.6189017801489222,3.7945680348754647,-2.370356551937016,-1.440253891049335,-3.9422496376139002,-4.907810372369084,-2.224564924882868,-1.0478981969347796,0.9977319959577053,-1.2359885333442135
-183.0,4.090787256919109,1.890087526299825,-2.200699730619428,-2.961208293688898,3.1222263250060043,-0.18017051164181663,-5.136179711434924,-4.026850742193226,-1.400817555628258,-1.7349281907720617,-3.308965484467175,-0.28386073331251155
-182.0,0.5054617057904209,1.0604653540430424,0.5550036482525014,-0.8276814896695261,-0.05208180634386694,0.8560075018059208,2.329253286420975,1.6317218732257797,-0.9335445082403586,2.8055719340505036,2.4147341261592867,0.16790939040080155
-181.0,5.218538793240467,3.5894033165051367,-1.62913547673517,-4.367547921316568,3.472706864999962,1.0254084149587417,5.370182824715919,3.233763741244989,-0.06645290251095443,1.1243083397558382,-1.1125974582520206,-0.029143713621937017
-180.0,0.019765989131885764,0.8957046227098169,0.8759386335783247,-0.5004153006550078,-0.37877890383615986,0.8525072304345593,1.2359720752276036,1.5042912210624988,0.38121390153698104,1.2038489065188207,0.5036737557257658,2.027983846595214
-179.0,-1.4513653168494562,0.6096066783951055,2.0609719952448957,0.37612934518788876,-1.781475881542706,1.382628519058434,-0.30363629369094003,-0.5257312834532448,-0.4905982779644642,-0.9900191924378208,1.0459681212822143,-0.7174442646331946
-178.0,-2.4267805722261833,-2.801392350675229,-0.37461177844898264,2.646439342042224,-1.0442288344487587,-1.6184610013411498,1.200077555790917,0.6223858797052428,3.636981078504339,0.0036365874650292618,2.7561843596570137,0.31738864734390904
-177.0,-3.66866556289609,-2.6836170508216037,0.9850485120742823,3.209653015627115,-2.336482397291067,-0.8823433698966519,-1.5652248529516255,-1.416758050150208,0.2255388752094849,-1.0414489122518442,0.7444524982134455,0.3393548416600133
-176.0,-0.7168636519046017,-0.6499324303621172,0.06693122154211789,0.722384597309524,-0.39363140324948187,-0.3318338008353703,-5.039683983575507,1.1019777038951941,-1.0584949803013206,-0.8183712411400431,-2.289652440512551,-0.8626232670942119
-175.0,0.33543687987543414,0.8402385250079532,0.5048016451322788,-0.6179402974491632,-0.08083520014520545,0.7000536778952262,-2.449174287676568,-1.0882287117790101,-3.9332051099226346,0.24363203276183998,-3.6527880998240643,-1.720520372788128
-174.0,6.185783579924118,6.680501230469076,0.4947176505448503,-6.451177145167714,2.851593866176316,3.6035852817834453,6.145435436969761,0.46975654312975923,1.7870908515454222,2.72351478437404,0.4069093014236609,3.9965069988623374
-173.0,-1.9595527509490658,1.4302333328759336,3.3897860838249914,0.25835874381687685,-2.6701418548802986,2.4173968417682463,6.4486459102222184,-1.3443361947144425,2.7598851703235185,-0.5819253819158541,0.9058029190075161,-0.32401856329091216
-172.0,-0.1672906323860866,-5.54992692232548,-5.38263628993945,2.86096796679148,2.607128741091769,-5.461595978947274,-2.3335020964137887,2.3479079677242174,0.9156209437218439,0.4356368356438608,-2.1523455218081047,-3.207119782513569
-171.0,1.7839942109641989,-2.3166481622454387,-4.10064237320963,0.2723477269471437,2.9338381706663372,-3.199681300727754,-3.8020125498067237,-1.0077798567293452,-1.7552283284166639,-0.2775214338702834,3.4546039981108705,0.6250844530470859
-170.0,2.035395659210529,0.9245511575374623,-1.110844501672888,-1.4759426100318063,1.5548482785537379,-0.07404758571479442,-3.4713358169895416,-1.5887134221587371,-0.2945757203419844,-0.7603919979318106,0.9587766718612347,0.04138394316216279
-169.0,-4.080399455230807,-1.1515983059423505,2.9288011492887733,2.613105416496471,-3.454583371995842,0.8419949408337473,0.30111621778437914,0.03389315753473032,-1.3655981327718405,-4.0570827497592115,1.6955380450531163,-2.2728874091962092
-168.0,4.658022851192953,1.56641152802933,-3.0916113231633813,-3.125087401185183,3.83613819657355,-0.7182880918796337,-3.3696969399994154,-2.2743947285368638,-5.131645027235612,-1.370848621513525,-1.5420278501700841,3.0429359321646183
-167.0,-10.291576730564165,0.053157190904556284,10.344733921468935,5.095876022217909,-10.286480619157652,5.1724041056838805,5.6260103570690685,3.954990205974682,3.968162526572778,6.121309556099353,0.17793160721075407,2.025898567695961
-166.0,2.5095393907636345,0.8222078914320012,-1.6873314993314912,-1.6188801757840545,2.0452997494112664,-0.45742162754144333,1.5186259979842842,-0.23789975902140892,-0.09297668241809887,-0.8961186845531983,-5.185289280953428,-1.8834402369151033
-165.0,3.5227404986766016,-0.9907442908820645,-4.513484789558607,-1.3024735188465613,4.040455104597348,-2.781464022618411,2.4327710165799807,0.5102693718454765,3.7354200117717853,0.4685717396841158,-1.6210479891507632,-0.47470911437732133
-164.0,-2.740525309773537,2.3491535785336874,5.089678888307093,0.2370926590010045,-3.893245348338441,3.759994782463214,1.1746849706239273,3.095476815273151,4.396376448171523,0.7341565910710081,4.682337378284251,-0.4522216741120497
-163.0,-1.4544933650568765,-3.3961080339215703,-1.9416146688650564,2.4681750667530333,0.2671672657659732,-2.638629233471936,-1.3258695392195705,-1.4124736146338246,-1.913095214976198,0.41164077127872223,4.50201328538011,2.108718374085972
-162.0,2.7014525106462965,-1.231144052541536,-3.9325965631882465,-0.7698455258065201,3.264845050547107,-2.56077782995938,-6.105342788791226,-5.309832398932812,-5.334727946926,-1.1035881886935959,-2.0256209724994836,-1.1929276334217969
-161.0,6.953278280323272,8.27666725589555,1.3233889755719255,-7.65132879692558,2.8445020119407856,4.736324304743528,0.22806852764343555,-0.058335162471804924,0.19469525453966252,-0.05112187624386855,-0.5199166366756098,-2.8489570873481465
-160.0,1.860252914177784,3.7854851753496694,1.925232261171813,-2.8649931880688064,-0.07964712278770802,2.868236340851672,-0.6933411528481229,2.369591979026003,-0.9888303190371617,-0.6087566157533456,0.38438210053028354,3.901653058569112
-159.0,-7.830262323678287,-7.358619904049633,0.471642419628844,7.621950395865506,-4.118786483292759,-3.429088257871581,2.9189842140865196,2.8992749877812747,1.2380568782357981,-0.1311417252795843,-2.9830542779842832,0.8486159217898578
-158.0,-2.063764029601223,-5.458817304276387,-3.3950532746748716,3.7788313716696993,0.6968836794185704,-4.408199406426837,1.7507559566996413,-1.3679885109443464,-1.1507383066775483,-2.1662117467893705,-2.629458611388302,-1.1442883584860724
-157.0,-0.713348930299206,-4.618834164239885,-3.9054852339402606,2.67596256530663,1.5464191788636925,-4.316301410866944,-2.915628373579919,-4.286261452423096,-0.23618700597329334,-0.2539865052209708,1.7491126930078418,-3.0769398858886903
-156.0,0.5138365463265415,0.823452973727987,0.30961642740174344,-0.6616706145883093,0.12834322522369496,0.5971728023547629,1.161305162498194,-0.7969435001372471,-0.7974585674362898,-3.6991763525948236,-0.7537018729919776,-3.3342720933378756
-155.0,3.9798164830794702,9.84455728555762,5.864740802478293,-6.902495519173126,-0.9191954448561468,7.8902637801197235,1.0406364626062805,6.715859511744791,5.847415644614648,6.846347348754284,3.3894934110084316,3.9958993425932734
-154.0,-0.4744668313984577,4.566791884679532,5.041258716078033,-2.02915273889247,-2.8156135559362236,4.764001837913854,1.8868885661421366,0.976319850176866,1.2628496221088032,4.099531438564004,3.8392194650324494,3.99783193042262
-153.0,-1.1177438473609451,-1.4520930684510662,-0.3343492210902226,1.2327520540488974,-0.37132367154391743,-0.9322541499445696,-1.3518830865166103,-1.2103062352964202,-0.5884681406481198,0.8399719109399708,2.096076313230323,2.1181177097165964
-152.0,-1.5897174990595206,-6.63449159383488,-5.044774094775641,4.147819593800973,1.7498507388177917,-5.800741616066994,-0.5609140825550496,-2.935300710929196,-3.6752297736438666,-1.4073732679119701,-6.886648647921796,-1.996737222325671
-151.0,-2.7230123409252323,-6.087984887320978,-3.3649725463961677,4.36910502410989,0.2696768259699609,-4.689565922467274,-1.7698675977122584,-0.8032960055722147,-3.9462377379626705,-7.8293763990108305,-4.8380344387876235,-4.678333781166597
-150.0,4.294882031117611,4.373803654019024,0.07892162290103588,-4.367371466273344,2.1436026026422623,2.1820937434234686,0.12540783091100072,-0.2980821590048093,0.6954052150713057,-1.4959930226468279,1.0902319078605358,1.388502527510275
-149.0,5.242194639639909,9.24889561060014,4.006700970960093,-7.199252002890285,0.6634778654929621,6.659889358850301,-1.4439780814372627,-0.8044064116722331,3.343761786751599,-0.11463570278796253,3.0604795198378643,-2.840285296317843
-148.0,-3.460539736386908,0.9898878384922778,4.450427574879223,1.2806412299328702,-3.978491494542313,2.6713889893738108,1.0808274806130926,1.1934864638462446,1.9182176520656655,7.910362884943621,1.7673743769499368,1.3443621650796413
-147.0,-1.0003592433701876,-4.2783402678844435,-3.2779810245140593,2.604711221386095,1.1233271360256916,-3.749962642900229,0.01515066319499525,1.6266184255498126,-1.3738890938445345,0.3916513009325988,2.2359541655740838,0.886076797625738
-146.0,0.4566126388651146,-3.9113842304351114,-4.367996869299924,1.6922397866824739,2.3999873530598044,-4.1130367533469165,3.367904850102649,1.0360633477572208,0.3811150723663056,-2.1937291951597704,-1.214044642687216,2.9980248862972503
-145.0,-2.2000466486967176,-5.751584811662795,-3.551538162965724,4.01997764429395,0.6616786292980447,-4.705163612350003,1.230020685988155,0.7443169936680678,-1.0666168054625096,-0.7024703910251832,-0.7155519794307645,1.2182406734556896
-144.0,-0.0818851185968521,-1.150420480183236,-1.068535361586112,0.5830652808159793,0.4736189576152593,-1.0860880342416634,-1.9461370027929357,0.5090107071526092,-0.7861318484642332,-1.2617764644957035,-1.7264001018778905,-1.3048071669246504
-143.0,-0.7726646911937448,4.510223605118847,5.282888296312726,-1.821149255366125,-2.97607886765138,4.917621899901975,-2.2597201368677418,-3.134438397112689,-2.7233160961083627,-1.7043201511405304,-0.8947132469001844,-2.3205399357925662
-142.0,-0.6581398441073094,5.5770905857445,6.235230429851711,-2.4887963510225304,-3.480403348141606,5.924129892304364,-0.8512387690760408,-2.1243573639551148,1.6971843577852201,2.6163821196044976,0.4642582227559202,0.39895229227353934
-141.0,0.14466068306662128,2.6154918576079558,2.470831174541061,-1.4083158845421229,-1.122468982902902,2.4786113882567404,-0.21661672716692515,1.002280262685433,5.667567959555433,1.4995133554258897,1.280823814401738,-1.5634545163332318
-140.0,-0.8011909739918327,-0.2923355649697381,0.5088554090218868,0.5974072446601264,-0.6164259788254545,0.11860329787057133,1.327448317989198,1.647908111113357,0.698196121867622,1.2419832660800068,1.513943339069521,0.6591211884100127
-139.0,5.458474880127428,-1.2271862389252732,-6.685661119052864,-2.144379439640714,6.03112628741385,-3.94897961255791,2.3828512703903866,0.2237262711817467,-2.0639920074677325,-1.1638281702585282,-1.9651313928093186,0.46088135212462367
-138.0,7.382459784146344,-2.6481888961418116,-10.030648680288316,-2.3967626270987377,8.664350855248895,-6.3327686770904155,-0.6119484132934216,-0.25903975724362627,-4.167438724168544,-3.1696154519114925,-1.8514560116091818,0.7724678956011024
-137.0,-5.4330266217800105,-4.238896069216743,1.1941305525631973,4.88446254036723,-3.2799831313972074,-1.5137266474243805,1.4113865419449063,1.6687886069424904,0.11497419932851072,1.6563960168621275,1.773445829488599,1.4153216901192616
-136.0,-4.744278182257826,1.5477752655948767,6.292053447852728,1.567848750847554,-5.56798599611264,3.933166922985605,-4.3309389952976165,-1.659260506767057,0.07817617736380089,-1.6973372131801323,2.206028537123585,-0.14534063457578328
-135.0,-4.37346742851686,-0.008177927835861663,4.365289500681159,2.239058042410583,-4.345640073219143,2.1978239657909144,-0.4847139349973104,-2.025140997756539,-1.8248559923246894,-0.7237723208970966,-1.2976237009441256,-3.1435783022371337
-134.0,-1.5843631916936762,3.5671820689132674,5.151545260607181,-1.023037470205871,-3.348164731624298,4.305602009490274,1.6870054303900626,0.2383321326348269,1.239713732185273,2.1656921390478843,-1.6356842729405454,1.3714490092567904
-133.0,5.809979068080258,-1.2065787745964294,-7.016557842676487,-2.257940166585566,6.431780180127646,-4.08269418632551,-0.2567781359564154,1.8851028654291189,0.9422853847278014,0.5725087098353905,2.450362975079068,-0.9639037274718787
-132.0,4.0931236519499,-0.7895631633890815,-4.882686815338976,-1.6931040938378124,4.508192257814311,-2.884645983524816,-0.1658463919932759,0.4996570427125234,3.703204470313218,1.9847961713167117,-0.21662833493444378,1.7745276380322137
-131.0,-1.0658777962029582,-1.9742253795840565,-0.9083475833812327,1.4699401346646088,-0.13320624003641024,-1.4118049453977208,1.5093318353708138,0.4624407388423586,2.0820861157358115,-0.13549843699644404,-1.730613192973873,1.7923550243510666
-130.0,-3.4992679427243356,2.2026822213020063,5.701950164026212,0.6677204803047156,-4.571591741417522,3.9802810653115284,2.7192154402042235,0.21070997035654432,-1.275452759340012,-2.545848028404506,-2.9779481095076035,-1.3433499416081562
-129.0,-1.0541815973187838,1.049255257312494,2.1034368546312625,0.015324589184694343,-1.6247473057803434,1.5249257350434458,-2.2153120560083384,-0.13873362538002787,-2.339196183249152,0.13007108204772933,0.9844520247825403,-2.434838701195915
-128.0,0.55577451387956,0.3641840063411777,-0.1915905075383768,-0.44806623078433383,0.4083537288187008,0.11515584518992383,0.7818279883934618,0.5165882086096606,-1.968153793818487,-0.5766690717775879,4.340198342499514,-1.2030117591553768
-127.0,0.44989920797240857,0.2535554325655432,-0.19634377540685088,-0.33356655824340264,0.35759337844263267,0.06154372593583293,-2.5425214132088296,-2.726831286789606,-2.2724967884395366,1.2831981023801,0.6982706059588937,-0.09456507935606018
-126.0,3.327240000146416,1.8347016065786685,-1.4925383935678842,-2.5500281024210856,2.3641453995717994,0.1311875764801771,-0.48460405249735916,-1.6582321922019438,-0.5337156787008887,0.4454430142616501,-0.07003906102409652,3.405887388565281
-125.0,1.5159121265353708,-1.6010999838380473,-3.117012110373496,0.011221158412631604,2.2694630985115354,-2.314016393687526,-2.2577803445014886,-1.0981401966606914,2.7518486725380233,-2.7051704813739628,-0.7656091504233806,4.311476474339279
-124.0,1.1937688408418181,-1.7526729498519595,-2.9464417906938163,0.2639566694495515,2.1024772965911294,-2.3786481798000305,2.006548230621182,0.7160179129932118,1.8884396943785053,0.053660911863367744,-3.3793442719026734,0.5538150330700626
-123.0,-2.982938219733461,-0.07360900464550868,2.9093292150880203,1.5239395171865544,-2.9101441400240056,1.3904840296596306,2.922257273337587,6.181685957394565,2.712149828340214,3.324050420250485,-0.1703339022605992,-5.978626147289863
-122.0,-6.767175942380222,-6.323636978500205,0.443538963880157,6.544716368200335,-3.5628732725575345,-2.968938443296987,0.2690325546141692,1.3658272767464847,-1.9110114140893597,1.583608934599636,2.4582457396809363,-0.6450252220413435
-121.0,-2.196036740839965,0.2407130743509711,2.436749815191102,0.9724359940549463,-2.344834140154064,1.3845709036556129,-0.06744567298546167,-2.3045396316141984,-2.1897379331738382,-4.877142224370051,-0.7599202030845187,-3.0415166549955823
-120.0,2.3992096626671238,4.662446843918985,2.263237181251985,-3.5472268264294318,0.046313866161912465,3.5034382619450994,-2.3417643873802136,-0.9184325141573151,-0.842872860777949,-1.4903268519797468,-1.407107163590635,-2.1065102667309628
-119.0,6.6780650024308805,2.321018770916101,-4.357046231514763,-4.451833692498958,5.499489337773636,-1.061441576139226,-0.3025741418570618,-3.4942054004013015,-0.47248977379584733,0.8579200027971359,-1.0965505663695585,2.8133435541876812
-118.0,5.356551342248744,5.640457153839348,0.2839058115904287,-5.543863587358278,2.517904078970843,2.992859939655973,1.0989263036573096,-0.7014264151418717,0.5381615246672805,2.7933972009426378,3.0701915880548523,6.967297880345461
-117.0,-3.727545778046153,1.0171921676774651,4.744737945723244,1.3779054904454768,-4.25801246716637,2.8289713244153782,1.1616069713211556,0.04749299538816254,3.2843629091864224,5.081806524112108,3.604484178810371,2.8562523504178636
-116.0,-4.663781781070102,-4.285098106944772,0.37868367412501164,4.492126819464579,-2.468916736622211,-1.9299009984751143,-2.391916207991583,1.6392755983586136,0.6066630949271119,-1.4315294340823659,-4.035131118113361,-0.78236917444014
-115.0,-2.288252420710561,-6.12122744731089,-3.832975026600485,4.223137163419975,0.8210405835163488,-4.957078812235888,-0.671284317251777,2.986599503328516,-3.684648328876266,-4.54521195380507,-2.0638566928525686,-5.835318989842824
-114.0,1.074800329930821,2.0468614619008147,0.9720611319701784,-1.6163293048708012,0.01967396787746559,1.5262371733417313,1.629112963343768,2.2424431273572267,3.18564408266937,-0.9622459810126536,6.221595595212335,-1.6453886964574562
-113.0,0.9531915898723744,-0.8503964277436042,-1.803588017615567,-0.02188204032490476,1.3468223924684952,-1.3919464873426795,1.1622018744831628,-2.9237036988822207,-0.45251464848059175,-1.8411941233027553,-1.2564475622659865,-1.0581338434485628
-112.0,2.7098375135582873,-0.08499764799259263,-2.7948351615504485,-1.2781626361125018,2.8001354948228645,-1.4281634576829743,0.4731673642063201,-1.5924519088959528,-5.619840826463417,0.6341856343142862,-4.7749437939196415,-1.2669677976315448
-111.0,2.0075910885763033,-3.0051713655617283,-5.012762454137753,0.45535718376683487,3.478837857001139,-3.9973507457857407,-3.339952613995515,-1.3337285796783678,-0.5596233892431197,-0.03459495540428781,-2.7402730618857056,1.989982681317872
-110.0,1.207452569115289,3.133936951899659,1.926484382784476,-2.2174020155306047,-0.3931709756048216,2.544439954873486,2.823522048370827,-0.5670396966801401,3.382840001453598,5.140467036315242,1.5625712499213302,4.870971872057081
-109.0,-5.854778065864216,1.6086179496946515,7.463396015558784,2.1485995402034788,-6.6181118143587945,4.555789926990244,1.657883138270434,4.3998103219993805,5.850309676130071,0.656320849542817,4.646004702341415,1.7600910615324215
-108.0,-2.308979847115513,2.041709157419924,4.350689004535108,0.15176113636681707,-3.372381047654746,3.1449262169673444,-1.2473112545582987,0.17620403964281017,-1.661257597347579,-0.4823679312759096,2.0977782536992358,-3.4741084984670483
-107.0,0.8848476059407127,1.485983634798257,0.6011360288570935,-1.1728591078756203,0.1743177224146688,1.0791348657008815,-3.4864546775763667,-1.962481704464498,-2.745992492122139,-4.488743067003123,-2.680792978649797,-1.7388091101232384
-106.0,-0.8156415162299606,-1.440213656543349,-0.6245721403137652,1.1386916503189048,-0.06430906335125652,-0.9905277931457317,-0.12507592110826304,-0.7104366228273729,-0.6088504161274289,-0.987210147101476,-2.4444899408036975,-2.6125650924141977
-105.0,-2.092197247802119,-2.0439453791162885,0.04825186868568698,2.0813755902256856,-1.1158630126457303,-1.0321674304178206,-0.5566398598536122,-1.415283832541626,-2.3851419268179024,2.879396755602395,-1.0494769402190465,1.9323358723719504
-104.0,5.559933252880542,4.660135288389021,-0.8997979644913925,-5.169475753268072,3.2674498842551385,1.8439251347514376,2.6245514331681767,-0.6602231115552493,3.1437397706695682,3.6137009080321154,5.802839123942542,3.859996933313615
-103.0,9.569696128152884,0.5737753466435671,-8.995920781509097,-5.044769569407385,9.247157305570937,-4.252750921708393,3.768440722624529,4.391819421741012,3.0643107908851945,-0.32070996473599256,0.686581743662882,4.455372098417749
-102.0,-0.2661021937895556,-7.8483257624648814,-7.582223568675048,4.09143510328132,3.7056555677585754,-7.684572551132179,-0.46989750464028224,-1.0838677820374705,-4.072316050199442,-3.728207034224557,-5.417580564361073,-5.95110069508898
-101.0,-6.5810291423260825,-5.211086736171216,1.3699424061550327,5.856729076007491,-4.00505784658254,-1.893981450156432,-2.6549414500358752,0.2890584675940418,-2.7657584747927024,-3.785034035266164,-1.277488002136016,-3.985642990272453
-100.0,-6.984326624239099,-0.7468687548080848,6.237457869431083,3.8286157078576037,-6.642847068026125,2.772403580460717,-4.248663897655167,-1.483354657831981,-0.15849236710826786,-1.9505682979106878,-1.3936642222977387,-5.498416882299036
-99.0,-4.625101762128519,2.6693974757613494,7.2944992378898315,1.0193197542581782,-5.919117380745865,5.014611260833989,-0.6361466187368372,-1.2470488315776156,2.061511702918004,2.8615709512303082,3.2450230502154054,4.30888269506269
-98.0,7.097641353825532,11.98319711981321,4.885555765987572,-9.50087776034328,1.0596848159301158,8.397088694370208,3.262002482406538,2.253631596835966,3.139393117758403,6.248904728725652,3.1679629360023633,7.264850869018485
-97.0,1.3601562556700468,2.0867255095817407,0.7265692539116184,-1.7647821340604466,0.34112776336241135,1.3781987603494308,4.7549443886549545,0.253393731533122,2.386905867927748,3.216326603272861,0.7238530184897447,4.036363024762101
-96.0,1.538506713180968,-1.144599148290729,-2.683105861471732,-0.23928015057277818,2.1298102537894508,-1.936702789114623,0.36041797358724326,-1.2754743325591802,-0.6542222458134034,-3.2032656921442397,-2.8771178780438307,-3.915453246241303
-95.0,1.77414547226575,-3.1122540988093874,-4.886399571075135,0.7065105963240599,3.3484332445418508,-3.943190863265927,-0.2948667658085078,2.3613133834980733,-0.43209659627269803,1.3010693977062058,0.6586656315230317,-2.7897852152148177
-94.0,-4.220082585085588,-5.551484555619519,-1.3314019705339453,4.926312096148438,-1.500811906225967,-3.469486781268591,-1.917946688130382,2.5217558679843592,-2.2121092126863116,-5.039862239926436,-0.29292346363617916,-0.14575453724188225
-93.0,-1.2115008368103513,-5.5669602712821575,-4.355459434471796,3.3551063482644743,1.6024011935509779,-4.9988622127291125,-6.071226857230838,-5.842736527959456,-6.301748567123799,-3.93764426567244,-1.0983092643356334,-2.023930350837376
-92.0,4.2062411699302515,4.915331666528398,0.7090904965981439,-4.5128717962673885,1.7891150188834917,2.8422045887189924,-1.4552591232815675,-3.340038967805147,1.0304949205338256,-0.37735113319407554,0.16898469178413994,2.327159590326829
-91.0,2.377133864512199,1.5634366087496103,-0.8136972557625299,-2.000579256172385,1.5667422110597933,0.39520585086073834,3.965836623684724,1.1010532626229639,2.3305128804235506,1.6423749333128717,-0.20714255746349491,-3.9001564436145637
-90.0,-1.547483445847885,2.0356707203197972,3.583154166167741,-0.27766346109960827,-2.587298388305508,2.823770249808034,2.7026878597633424,2.60010533623177,2.6884973057047836,5.605962942292889,-0.2303041619497495,1.0458813287384632
-89.0,-3.873839227147401,-1.4588480400994692,2.414991187047981,2.6262247548804503,-3.163785632367948,0.49103307669492224,0.49139606754175214,3.6602452095740623,1.8375066531679103,1.8361322695559754,2.5892207211580756,3.031903348611402
-88.0,-0.6632861816278104,-2.3521577185481104,-1.688871536920308,1.538721070147674,0.4920445765841177,-2.0835872531197897,-0.8602127153582255,0.027679735173542053,1.0953500345595617,-0.6683012000115278,-2.041832933310287,0.8842964320840674
-87.0,0.5475743835416252,3.741583456114234,3.194009072572523,-2.1192746111773664,-1.2694271977910505,3.4888979588017994,2.9184788239386963,0.32421366360882986,-1.5747901365884642,-2.79051254280491,-0.8767595327551309,0.12266016359016607
-86.0,0.6144249402331213,3.1718738675277898,2.5574489272945606,-1.869048517500014,-0.9232650976076315,2.8921634725581704,-1.8892945239314616,-3.684621471174729,-3.813268460607604,-3.7771572056991114,-0.9811407129568543,-2.0786011384250105
-85.0,0.7048100098903561,-2.552959717070446,-3.2577697269608525,0.9524603762256758,1.945110560152682,-2.9508078807449296,-1.6918993787751062,0.49685715281093756,0.9053148698169604,-0.09746292017231228,3.112809948044658,1.359696667239455
-84.0,-2.516970555068366,-4.298674297606557,-1.781703742538097,3.366333282221019,-0.4089434961352534,-3.002809762860403,-1.1463791063503581,1.1663848553400016,1.7788369784657396,2.7501347001006353,1.1474477451572225,-1.695972902981146
-83.0,3.8059881580381876,-2.248035599700678,-6.054023757738639,-0.8093016890443581,4.963223218648465,-4.190674495996675,-1.013685771459596,-3.31199908548445,-2.1803607709015127,0.911893302581745,-2.8201394922361036,-2.2342771032399114
-82.0,3.7724414405269853,6.614207646074753,2.8417662055480073,-5.212989814497523,0.41681426874909944,4.766349176768667,1.407515097374473,0.8794208294145481,1.9646925488567186,2.843195916092091,-1.1316015137118551,4.742706339319377
-81.0,-0.5075071771542743,6.8297043312294825,7.337211508383856,-3.094320071329865,-3.893573823316304,7.118923431924896,1.3914777424391058,2.51022213139176,1.217776773962699,0.4755861801585569,6.327153761699923,3.88730788501355
-80.0,-6.819660490373012,-7.431409822767315,-0.6117493323944361,7.116622318792556,-3.0749821358271032,-4.069149777112356,1.3720774313534556,-0.11507098717190756,-1.794717117307075,-3.1750746819480304,-1.1922075204412437,-3.4175040013391715
-79.0,-3.485223836640453,-4.101518634464377,-0.6162947978242126,3.782201225555523,-1.4040720773534106,-2.410891310083804,-2.829244240179724,-1.921835431590166,-2.876093993859754,-2.746368885756132,-3.787539518341143,-5.59753376195811
-78.0,2.63605241233537,-5.775582417064825,-8.411634829400505,1.5514109655804869,5.477307074149452,-7.069763612921911,-1.9023024218564286,-2.3370227352381576,-0.7193141873221085,-3.8466653187592557,-4.929013419331259,-2.254167078140126
-77.0,3.434042652745746,2.392212476989946,-1.0418301757558859,-2.9421842737588966,2.1927517223045894,0.6990871985148859,2.810548364439785,1.7178958258082606,3.0276252650786737,4.049443615528042,1.9628652903276596,3.222242590535539
-76.0,4.430041060046739,8.13727511066427,3.707234050617717,-6.24607846356367,0.39540586616833817,5.949747029718421,2.122865587632493,4.113672455599852,3.3869458455745174,6.134962699172463,4.180971532575014,1.5052295084488234
-75.0,-0.16737801916078077,5.621351752230741,5.788729771391873,-2.7007129300263273,-2.9443459145496456,5.738806376079519,1.6870804987146186,2.7348472311340637,3.2228214730643407,1.4311994248080464,1.1353218142252848,5.540914551238942
-74.0,-3.8230717037224045,-2.453594681497695,1.3694770222250323,3.1558318911725514,-2.641695176684848,-0.5802652911340536,-3.789001299395288,-1.3935496326725407,-2.9042004273380226,-6.674348145463798,-0.6243425918895567,-1.534842407260633
-73.0,-3.9709291996085794,-3.993196673754034,-0.02226747414533292,3.9154715909339477,-1.9407273787462611,-2.0412716215050573,-0.5328382545133314,-3.6373273491723057,-3.375035547425398,0.02054594183926728,-0.5199305875066434,-2.31111344436712
-72.0,1.553267258492267,0.9644499114531717,-0.5888173470392006,-1.248473254339833,1.027273486768591,0.15490037881811247,-0.8197873709533052,-2.493588196806772,-1.9232577538385638,0.28367813321484525,1.4475413692233745,-1.5660664951314942
-71.0,2.7618768175765713,0.9888133226919913,-1.7730634948848316,-1.8635898849943784,2.3048245881871217,-0.3501926182782995,-0.5504692282227763,-1.8046618269571928,-1.1178056687909732,1.5615574685777938,0.5440145130067875,1.8998185518166797
-70.0,-2.166509166890494,-8.101984898309448,-5.935475731419184,5.149715418786569,1.9244567367576946,-6.984201584685264,0.7451858338248697,2.9878895237409733,0.019057065035563647,-0.7845462415684384,-2.808378963318977,-0.8291951339235426
-69.0,1.7301459796240326,-2.6957591471868074,-4.425905126810916,0.5032829410211594,3.0409238524994415,-3.613974037638993,2.0620455479047295,-0.11921643395988823,2.2788507930604616,-0.3434502838452388,-1.822697437691246,-1.4500563792002463
-68.0,-1.586443205194555,0.6144669417521853,2.2009101469467938,0.43291630807228354,-1.9311825943704248,1.4250333735194758,0.690549449063734,1.0953860634834416,0.8688992227044343,-0.6553953801530775,-2.045866075748346,-1.350054938555247
-67.0,1.1135668576881823,5.542258982882849,4.428692125194764,-3.2977003338442303,-1.6192976652688207,4.996883754306469,-0.5994088250774886,0.8354457109929379,0.6249246856783117,0.7700765108348124,1.1164308269604755,1.263458607999127
-66.0,4.4149895447804175,10.080746342368638,5.665756797588296,-7.292916250840657,-0.6709382784519082,7.881765550848499,-0.9948743153570785,-0.7759739087222626,1.658197392623755,-0.8805559987159843,3.2092033784300042,1.0231744006816088
-65.0,-2.6760133013392986,-1.9755461469801618,0.70046715435919,2.3620579199404945,-1.6608499644299997,-0.6292085744549727,-1.9666875535639656,1.734452907792373,-1.364710052016304,-0.5134832999577371,1.8940620984356207,1.4920666153128113
-64.0,-10.730119921100476,-8.854895146785225,1.875224774315253,9.830893512465233,-6.280089410396979,-3.4800406341030015,-0.5046395914805917,-1.4615456022044087,0.002604030793839085,0.8623623225652441,-1.4699278425582065,-2.128949874491078
-63.0,7.756230192512322,1.2317374876733975,-6.524492704838952,-4.532217753648389,7.160648188635553,-2.7134112246913267,2.992695809561974,1.5730796167407137,0.5191951797478749,1.897940729246038,-0.9606941358768855,-1.037204122488175
-62.0,6.535365181903646,3.8361520439251287,-2.6992131379784765,-5.221468050301249,4.55991829020795,0.5818538175425241,2.342522713414816,-0.7061054689225963,-0.3211257574274109,3.269333791215694,0.21331174065597924,3.3591425892733495
-61.0,-0.20571524939029207,0.2631753984873153,0.4688906478776964,0.017415261436401597,-0.31133421566203046,0.3808513307633763,0.23925475286618725,0.7660942302259512,1.727856001009824,0.2106902786369999,3.8166806254576553,2.6263304630521924
-60.0,-6.485158668472113,-3.7663821066913976,2.7187765617808024,5.096778768901504,-4.647294482601157,-0.5072419835482377,-2.554050842001469,-1.9814567880273601,-4.803915353845919,-3.603379521177204,-1.8561440166720196,-1.2636528719634224
-59.0,0.19475406106032978,0.03598839903818707,-0.15876566202210918,-0.06191151532363026,0.21915512189826325,-0.042192215413975026,-1.442645835434362,-0.7563110717545959,-0.05014150201731593,-2.448753386602756,-0.8588090086741663,-0.9609862471375089
-58.0,1.1258128578980042,2.3360612339520097,1.2102483760539309,-1.7531852715771103,0.008654691644216839,1.717330883453316,-1.772301444776915,-2.009988999778375,0.13842024370379202,-0.9567768456699821,-1.2451716147463396,-2.7568377995856506
-57.0,-3.650255754977534,-3.639118893681588,0.011136861295828915,3.623983958756033,-1.8529771201765697,-1.7865977027927475,0.5827863095395698,0.7035092128194614,1.4785209989819985,-0.15887390854771735,-3.6175401591291165,-0.7504475846126719
-56.0,0.5142207583440601,-5.975271495601674,-6.489492253945808,2.7093190930992685,3.480234110233492,-6.200620736917976,1.5533732030401195,0.4817021931522498,-0.20275605370018024,-0.8317623109587986,-1.7488756846743834,-2.774626770204377
-55.0,3.2271269505127345,2.5651018841633593,-0.6620250663493246,-2.8410851274012616,1.9178750302607956,0.9077543903312026,1.714627914593298,3.2274671573706977,0.41801673789437555,2.018180948331012,4.235173928662809,0.7194288666039078
-54.0,1.3682279150836303,8.506065122731693,7.137837207648176,-4.964720178657858,-2.9212118629484993,7.858042409138273,1.1614769584885773,1.2015830074292742,3.383503225016389,4.13411005170263,2.777169677325507,4.3427564453395195
-53.0,3.7179654566302296,3.5240418987728153,-0.19392355785733573,-3.6526704624148927,1.9868329543600232,1.6210781808048074,-2.1232400629488484,-0.7679669466302261,-1.9831804527459649,-2.0558138499363836,0.283586142017191,-2.2478412059728132
-52.0,-3.5497378419608587,-3.1223247721903875,0.4274130697704849,3.3799156087277846,-1.9672594121501494,-1.316012255099025,-0.31434355500595956,-2.4735311856248283,-2.298258013008572,-0.6456810240733521,-1.2387571318280863,1.6336067564526056
-51.0,-4.819696158323239,-2.5450474127735174,2.2746487455496873,3.64590758302877,-3.530636499967138,-0.1866240941292604,-1.0887037788047813,-0.5706940085445869,0.21069373352407528,0.13821500277358023,2.2227942814666686,2.02421350403263
-50.0,4.453841735378293,0.07196169582441447,-4.381880039553987,-2.220719585278686,4.435396579151618,-2.130992215199568,-0.5168157715578107,-0.32554836795180186,0.5027047315676613,2.161595383483988,-1.2138912501328525,2.7320584492530218
-49.0,0.38840844991635587,-0.586632705739824,-0.975041155656331,0.14169452163974894,0.7047614409921661,-0.758257145563833,2.2990770416039727,3.5052689059124833,3.3701471444412747,2.0669969465893905,-1.2372159306821116,0.5691315222511235
-48.0,-3.5630914949177246,-2.0207700729815086,1.5423214219361299,2.7552086822739406,-2.601290061138541,-0.21582709143157142,2.079342137606899,-0.04808435501579755,-0.7642974460704025,-2.25855011930068,0.013681342827921883,-1.335359451244685
-47.0,-0.8352335899231901,0.8890475679005319,1.7242811578237993,-0.06623272292517912,-1.3227133134281075,1.3321434257285953,0.4539790665708566,-1.4227642262150584,-2.712966343723558,-2.3717806373625185,-0.09037896774679699,-6.468483221238319
-46.0,1.9328780993974919,-2.4846835460683954,-4.417561645465793,0.2320093712030506,3.2130743147926273,-3.5027062762007874,-5.817846331373669,-1.3492345829225905,-2.029997257817417,-6.708017380447229,-2.841838424620387,-3.892775500269423
-45.0,1.219700407523574,0.6658775533785031,-0.5538228541449542,-0.9129767448796122,0.8440492616579747,0.004273235452004143,-0.7156109439828611,-2.796290550125471,0.10203187098654787,0.5447781303861916,-0.9342922141824636,-0.26916829821602706
-44.0,2.061453007591276,4.584861390502769,2.523408382911523,-3.2966224744715946,-0.19936969106813707,3.5786715224619114,3.801217579031304,2.395356458278072,2.266779538703494,5.308879434440986,4.150777581144992,4.474984375848278
-43.0,0.9889184464019396,0.26103576565707165,-0.7278826807449154,-0.598157850034216,0.8849797891461079,-0.21278252010525267,-1.3693088997284704,0.8414359948007173,0.8618758284753476,3.258816452342259,0.13655720409716032,4.632512595054634
-42.0,-3.7513893737293893,-3.72499120306883,0.02639817066053618,3.7691518991773014,-1.8661503152216872,-1.8322747201386973,1.5680485139012765,-0.26890557696086037,1.0576478626620833,1.5119490048138817,-3.262620093091199,-0.2157843598592808
-41.0,-4.000127804392065,1.7454051920418905,5.745532996434033,1.086097314133083,-4.930552643722249,3.760967908997889,0.40031475167152,2.4977953367022803,-1.3468712977963029,1.9966449894538525,1.9332633781683162,-1.1543358741758594
-40.0,3.5048089378453042,3.0341718323023956,-0.47063710554280314,-3.3044552511688865,2.0091042094429317,1.2203608049472257,0.4636722096673394,1.0866512577963958,2.463931653733021,-2.271499972757619,5.394826417382308,0.7760256193922721
-39.0,-1.6592968700730648,0.66129126662018,2.3205881366933285,0.5462928520014526,-1.9668630484041163,1.5138574633921225,2.9519954580991463,2.79221265867042,-0.257281721134393,-2.7575309162436965,2.624712652272868,2.6655288416652025
-38.0,2.1561844882056067,-5.261742611759701,-7.417927099965342,1.5206100894491366,4.733495923477467,-6.308273798513943,-5.552598912055856,-4.736502370789785,-3.7259202040567962,-5.277803957344151,-6.178140766900148,-4.843699072237867
-37.0,3.471494263199081,-3.940332942487524,-7.411827205686789,0.1976550504018767,5.468648214154765,-5.713173947435865,0.2448436222620971,-5.473648320180864,-2.6149752736944474,-0.4010435618457051,-6.503361370634135,-1.4698496224757762
-36.0,-0.1270530174834853,0.7534065193425832,0.8804595368258559,-0.27769722674045105,-0.47554874465603714,0.867845103200787,-4.5844899618502115,-3.758339388216376,-0.8696509229466853,1.2871134041278935,-0.9024567538084813,0.485946516282173
-35.0,-0.025184641477245973,3.277305555012003,3.302490196489079,-1.5961031041056075,-1.7134711421984234,3.2680642517079166,2.591599087844737,5.28014226646817,4.441116616231363,4.980127905409521,2.362432921603485,-1.1097137327870188
-34.0,-0.6841899175283194,4.160478004807315,4.844667922335646,-1.788730121574967,-2.73401994019265,4.481699409011004,5.246629953033437,4.54281627476737,2.365311875591095,1.8626028883472339,5.735368994493638,1.4341498634694956
-33.0,-2.2906393390299096,3.2667217722708455,5.557361111300893,-0.45635672426292934,-3.969796201391414,4.386590482199499,-0.6086160367772684,3.5910144864421194,2.4424491476033072,-0.014980707272326699,0.9121055560861926,0.16885801429080383
-32.0,-4.394550351138484,-2.609713453238519,1.784836897900116,3.542476900760425,-3.05229089483249,-0.36814780633304944,1.679185865219503,-0.23445337950219347,-2.0437119374657415,-0.37276246285483483,-0.6161056692618101,1.1296682107041813
-31.0,-3.0411838452295332,-6.617459414978117,-3.5762755697484976,4.802793959791614,0.3113294958587769,-5.142331005561827,-1.787940871684432,-4.502535381655139,-3.9473608759447414,-5.7327617853103465,-1.9762844502445658,-1.4727916246531887
-30.0,5.499753034351263,-0.2510007148375517,-5.750753749188739,-2.6388447054289776,5.597814032015591,-2.9776020051931855,-2.6299728282131465,-2.8586010152988295,-1.2319406203605996,0.5768379059662494,-0.2615966500003868,2.3761315602377686
-29.0,0.576295205030851,-3.358490851780801,-3.934786056811693,1.3857720670807367,2.235370335697478,-3.629840525958906,-0.49015045234569676,-0.014204735528098755,1.2198067154008068,1.156553714752842,-0.46523044191042895,-0.7450148501401055
-28.0,4.794024274865453,5.004650881104014,0.21062660623847496,-4.900541896603485,2.2770236451842303,2.6227474440675667,0.34588883484252086,0.9470163838126356,0.6186250648628214,2.6874388011739088,-0.5701516258151721,2.1338001685238637
-27.0,3.687395278874838,7.467745994873588,3.7803507159986656,-5.580120440651268,-0.05855226800081215,5.641884677164491,1.0482775308690824,2.376098471143328,2.876432540412071,0.354486858952205,0.36164958481466447,1.84269205662918
-26.0,-3.5714347952872165,-0.009081428403250325,3.5623533668839213,1.782178563578907,-3.500995438012482,1.7211844433378753,0.9590198848494865,1.1666086541930838,0.3800015390313194,1.034273860702435,2.752873170979403,-3.281090507917723
-25.0,-1.0283367288922252,1.5588447854515286,2.5871815143438095,-0.28055072344958376,-1.824637391033547,2.1023255907189884,-2.642829899813206,-0.733410028046404,-0.9194314589493763,0.3697458225686281,3.450320567428866,-2.458991506272522
-24.0,-5.949783341497518,-6.736689817308473,-0.7869064758107989,6.400587343701417,-2.6049665531380657,-3.806446150210536,1.114706205238804,-2.183198133613863,-1.4863255082773335,-4.54098336217968,-4.183617756772691,-1.9202086901914281
-23.0,-1.0350983287809221,-5.24681705360849,-4.211718724827346,3.116683652318066,1.5565550950711082,-4.692380207809653,-1.6706414285642153,-2.4094312328433185,-2.510964178262335,-2.0093405164935616,-4.681986084943576,1.1383401870740948
-22.0,3.007267832883178,-2.4248950437949337,-5.432162876677953,-0.3144190375004492,4.258242806004522,-3.969325534427439,1.2756405733541762,1.4633589869724326,0.21275559373495667,0.3661208757869203,-1.2575038477093357,0.35482188271114046
-21.0,-0.7616955886285415,-0.41574524074162056,0.34595034788688683,0.6482259449707544,-0.5226467790913005,0.003354836366351255,3.4790661707746198,0.16136791277271978,-2.067116538326532,0.6210665946213145,-0.633797592266931,-0.158425044508266
-20.0,0.8751616139003224,2.279325720588708,1.4041641066881785,-1.5918359467622603,-0.317274924078529,1.8805590125925657,1.3288729274151678,1.1597961969671924,2.3478870810441546,-1.092676720336943,1.2075382804591006,-1.0542527759556812
-19.0,2.349465388839545,5.794841192473358,3.4453758036336,-4.084183669875701,-0.5245453434464759,4.581634167048552,3.504219864944648,7.535919490907954,4.352571092192207,5.127025759272493,5.799281890955298,5.825201886773796
-18.0,2.2885113838267648,7.371688231749613,5.083176847922724,-4.843787833638251,-1.3739522120327539,6.191409263413564,-4.3962720938559565,-0.7307946372331897,6.083765983993809,3.9330699132220825,4.656208940354835,-0.5815109571163068
-17.0,2.7890867300112108,-1.5811552071777086,-4.370241937188911,-0.6240932564129253,3.5262724777812027,-2.9298759580128877,-5.889697468730311,-7.400343483060151,-5.501905984014821,-3.135271948055562,-3.8745582912365872,-4.062002345898008
-16.0,-12.482860912398223,-2.734709442100737,9.748151470297614,7.57878466956355,-11.086902695928616,3.476943850630027,-3.5032924566167227,-7.3471879388072985,-2.7031137429114356,-1.0448489363262294,-0.2597395784905756,3.9735879955664597
-15.0,-0.11841805387569337,-4.320675045134122,-4.202256991258289,2.2577653896770054,2.074314893606948,-4.209969616414474,-3.155576039599909,2.26236871051941,-2.6662342146315745,-0.7645968722966656,0.01716341901317131,1.9147286173775306
-14.0,4.9801355051874605,-0.2967701188235674,-5.276905624010934,-2.3115863189791384,5.085979837517807,-2.812803009215678,4.0972260042203965,6.292444868786048,-0.22355435879806107,0.6740664085174886,-3.6649885258767307,-2.1722213031264994
-13.0,13.319128028685283,-2.9064787362683555,-16.225606764953636,-5.179845787942487,14.733416884831597,-9.592279223023722,5.051910541196214,6.134787671068473,-2.2613235942206753,-3.845732737232465,-3.1041254490924435,-5.596218946127123
-12.0,0.4606316293347481,-0.8332882292900345,-1.2939198586248883,0.13529726840460166,0.9203958487040103,-1.0915521363591285,5.4786957160929965,-0.5846473771728364,1.893117575586132,-3.0155969685237545,1.2723579725718808,0.04699138473001563
-11.0,-10.551712736484756,7.871580949935751,18.42329368642035,1.37251203624432,-14.441424768989531,13.195595956108065,9.36735221677057,3.4266973557879328,8.734401056551139,7.44988444633985,4.120488272207225,3.213190478391219
-10.0,-12.423673762179405,0.41449793416908287,12.83817169634837,5.96409769539772,-12.661381144999805,6.671537273178034,-0.4309172736833613,-7.337961382278782,1.9089901230363022,1.016140099590423,3.0733567049929995,2.750415212598698
-9.0,-2.927990086785818,-2.6720397445017143,0.2559503422840663,2.8427230164933586,-1.6216311424085363,-1.2444038311019443,-7.887365833424389,-10.40421408239903,-9.229501070861001,-4.126962748988639,-2.519538230601659,0.39662833623047034
-8.0,2.378625521034772,0.4470422326901265,-1.9315832883445276,-1.4474203318921994,2.2029268142563314,-0.7810153349389357,-13.941933750507307,-5.490243438531627,-0.7709638418160369,4.478079175358091,2.286350547990305,2.877356959548099
-7.0,11.681259925388408,-0.29476170172438243,-11.976021627112543,-5.729675352301966,11.794177628855426,-6.097018879968376,-10.243660768059518,1.218214211082708,-3.5050419023294905,-4.289394556714864,-4.699890793049633,-6.0806693321816745
-6.0,10.29775989284697,-2.483718532185298,-12.781478425031986,-3.8688250508411723,11.49984763654053,-7.673288224306876,-1.2969154255120636,10.036516182994811,2.1233519817372217,-3.749350997735311,-3.1118900171510324,-3.688217995844982
-5.0,1.9436111489877792,-6.00869136144134,-7.952302510428925,2.066130015043107,4.980960483019454,-6.940688659590675,20.52420969500014,19.261663060345484,6.402715692005995,1.9847309409820322,-2.413425181808368,-4.743150018011947
-4.0,-3.390795026652233,-2.461748791644247,0.9290462350079105,2.8778876425933326,-2.132275454583687,-0.8008951149226345,15.264580375922405,8.484273767572013,3.4993541909443646,1.205838386845207,-1.4806796619340654,-2.2024017319763187
-3.0,-8.010354247123317,0.06830335783508218,8.07865760495802,4.000796605260227,-8.020690435652732,4.1247688177534325,6.420453391082917,-1.360415263458898,4.66037759699658,2.8560238316527045,3.3723055170141345,4.224326342000247
-2.0,-8.382600525896695,5.733600216234164,14.116200742130484,1.3566312299710916,-11.30641304919109,9.906432015225676,-23.086629276405915,-33.32834387386238,-14.3238433473887,-2.574613536358335,3.2937071873643013,8.131428785244003
-1.0,-3.3778853137856837,17.452201021637972,20.830086335423317,-7.078969784451806,-12.082947055007935,19.13205314780864,-17.64914422997448,-27.96752861158616,-7.953582681531028,6.1844699900356375,12.833974638712506,14.6129334839415
0.0,3.857948657306957,16.233776688396144,12.375828031089233,-10.081388962722276,-4.237791403098904,14.303562239145752,0.05583019288435764,8.261562842277694,8.154672599690247,11.993517748038645,10.443722177573106,8.122309702971952
1.0,4.6916770266648005,-4.351845136384314,-9.043522163048864,-0.11994989376907794,6.810578384188852,-6.694362178410923,8.049259956881468,17.76869402533323,4.603009509514058,-6.0886060419305394,-3.6221169518046072,-7.545386356017679
2.0,7.866505948627281,-21.719965449844093,-29.58647139847094,6.904280238933017,18.749400454825242,-25.649717034413584,3.5449432761551054,15.362763642160814,-0.07001377348444038,-10.873539162224906,-14.319846054987009,-15.716181075736174
3.0,-1.1131527161045858,-24.59866200790851,-23.48550929180372,12.838636625945826,11.21140979925153,-24.04284949606481,32.373447300310794,28.260997997679713,3.0921647810388606,-14.695170097068349,-18.678715534420647,-19.289616825884067
4.0,0.022910612495517624,-9.985601122123246,-10.00851173461883,5.046074272825267,4.966252189593021,-10.005439380112286,11.044647492360887,15.361901068151655,4.696045822670173,-4.392115395536582,-13.359725915290674,-7.298159461763204
5.0,-4.325432542736402,7.598324314303902,11.923756857040493,-1.6499640686340582,-8.089274003873797,9.743753682766588,-30.72544856448066,-36.45189376068511,-14.023955461266935,3.4318702636689777,6.862562702075524,10.743729371664312
6.0,-5.7434446958339205,11.684843916426331,17.428288612261,-2.9870752844805977,-11.54301062274999,14.53160784901665,-13.838390372348256,-19.99505179316881,-0.19483030892909614,10.334524286825038,8.165604940597028,7.451506431212776
7.0,6.479599847756192,26.34244734834011,19.862847500584547,-16.43357495966569,-6.719634802744922,23.152143709135476,-12.016532155271518,-8.580228974278072,6.920984306218616,16.686911986442784,22.638027307818124,16.513968838509896
8.0,5.152562708688771,12.879642433787627,7.727079725098131,-9.047096895432354,-1.3084959456528509,10.35286925080712,2.8144996079506424,0.39379172308914345,1.5454026412357826,10.55122181556634,11.22675636973821,5.3922733465786035
9.0,-5.953317592304863,-12.39992691485827,-6.446609322555029,9.215646050942848,0.22992873260680846,-9.44889188213511,7.6619935244248305,-1.7510582768067406,-10.040605878493496,-10.033012553157274,-4.571715450548349,-1.5698022282205293
10.0,1.8507479062835497,-20.20107356859975,-22.051821474884697,9.207471246507753,11.936472771137126,-21.146863242266647,7.012238831949788,11.624748996235773,-4.686941724243053,-17.18998243480804,-12.199669538461752,-11.259917088288638
11.0,-3.221761358269406,-8.414091615081693,-5.192330256813186,5.768563647499135,1.0489768328796352,-6.8192126300353255,3.9991919438642434,12.132337126471771,11.853794187402094,-1.6231481766111546,-6.643530004879585,-5.904393651116781
12.0,-12.683388390496305,19.195365114918392,31.878753505415023,-3.225173084001538,-22.297587851661465,25.522995597902952,8.199638637420605,4.666858749308265,14.165345383134099,12.625547327768524,6.882628151373879,10.269757634923302
13.0,-15.688567556737214,10.44509633084475,26.133663887582735,2.657426091782489,-20.929373768551745,18.274428856132886,1.728371885240271,-6.378002107437483,2.301934016767724,6.845536981171524,7.418481688370539,9.948768609303134
14.0,9.488162178653493,-16.069217023002167,-25.55737920165425,3.2537390539778777,17.503058892431635,-20.752294477122348,3.1180523523917465,-3.94289156015879,-16.971838793716813,-16.890820004790044,-17.73324376018941,-12.62747201687803
15.0,39.10034995836803,-12.626119677800864,-51.72646963616786,-13.268695140457524,45.47132367677489,-32.197168921260776,-5.141106924798886,11.435170016868957,-9.261125590050533,-13.92446365319943,-13.318932988706674,-16.78917949573125
16.0,28.755730929950598,-7.279885299047248,-36.035616228997526,-10.688578030938707,32.373567302459165,-21.680620606022757,-27.170052186598774,-7.588819728693851,-14.037381498866665,-7.497248897371247,-3.411364062589011,-10.953183833085106
17.0,-2.8912341464226934,2.9198192820808937,5.811053428503206,-0.045337219929542094,-4.3754620265996795,4.421246856170293,-7.885946881411664,-0.12722470191334345,6.594312064527836,13.241294055235265,8.422163518458706,3.514893356525328
18.0,-51.05593051097145,16.22825856742015,67.28418907839047,17.37800128243818,-59.11951685085645,41.73507889931781,14.92472361580337,-5.998490473122076,20.605529023268918,24.681108998625984,19.740605723163757,19.955942488214276
19.0,-37.34786872290487,14.2763955360092,51.62426425891281,11.57254797034708,-44.52005041489656,32.93210784248036,18.00102950861025,-4.350505686689362,11.391129806983905,11.930744532664825,14.796449262231704,19.894725117755044
20.0,6.384862549445998,13.949143308694213,7.564280759247392,-10.135293843902641,-0.6306944626264332,10.741517341091987,7.04661367995968,15.338675966735815,13.849376247621482,5.6634562078187525,3.167999774670138,1.2573723009248603
21.0,41.473705843347254,-14.335146901939229,-55.808852745286586,-13.618477283851288,48.67239055489314,-35.085027208572555,-1.7770605878219623,20.585429014608142,1.412362999801367,-10.060922116549996,-15.26882437533679,-11.745366331359863
22.0,19.965975053890286,-0.007859847816964916,-19.97383490170701,-9.947814721301494,19.996802627905396,-9.924586940828242,-18.14455100705012,-25.701144254874674,-21.659946231922365,-15.692508992263459,-0.8238192245574467,-0.17622100404638097
23.0,-14.135101435475764,-5.787190333879422,8.347911101596804,9.997543044024876,-11.293244392884263,1.2661811391023399,1.0910831920458524,-25.26731975993569,-28.817675538137493,-18.766776004260016,-4.555857446854586,-3.601296148319184
24.0,-17.4517288089292,-37.42676078336624,-19.97503197443656,27.4040836147702,1.2940075436121132,-28.719394553384472,4.962183620350755,-0.42170282820611327,-17.213948449650843,-20.60632424517247,-28.266167203397593,-25.571511155452566
25.0,-4.932707909086911,-6.816231733999601,-1.8835238249122783,5.846678663723768,-1.4822740663019078,-4.375341857947925,1.8840306405681326,10.015289164522517,8.861661372017167,7.077916591959221,-5.17749311727155,-5.246602016621376
26.0,7.226820361199815,20.932828292807756,13.706007931608193,-14.101679946676004,-3.263603046231691,17.36369343233992,-7.661612344358248,9.801299194818741,17.779360245537895,20.19752997363512,21.24511906079813,18.37584715416432
27.0,9.191574675713095,18.83308030749454,9.641505631781621,-13.951889216714612,-0.23723357703207792,14.19305846105113,-2.8390052488413646,9.442533425369167,17.105577163180687,17.512683158488635,20.240660252934653,20.176419800070093
28.0,1.4487970885863763,12.429426455810015,10.980629367223539,-6.956571427818728,-4.770244933404409,11.730830204794557,6.164815870963878,8.473443533484376,11.733081330593592,7.3199282719148115,7.4755760330715635,6.191313454224746
29.0,1.8449569658295841,15.332430205251168,13.487473239421341,-8.607885650683343,-5.823466847290975,14.429974596699653,4.175926718310198,1.5337136709026074,5.714462911614504,5.855236723304739,1.9460753037753715,1.4159333396378688
30.0,-7.699545662380944,2.4947101012742436,10.194255763654866,2.6579491123455115,-8.952989065404816,6.2843808031198485,1.3253493348936116,-8.49758396525049,-2.926504436276707,-2.099673520138992,-1.4282008662537937,-6.678869453715583
31.0,-8.028009634991832,-30.26341095459496,-22.235401319603337,19.11661013918444,7.089497640534927,-26.227170466710504,0.2752425604084825,-11.854236061169257,-18.887410502620824,-18.288688524859445,-22.055930404661474,-19.756993911432897
32.0,8.386048445401325,-28.752394467061418,-37.13844291246278,10.147060534692702,22.738859320184822,-32.91535828528451,-2.0830146074776614,-4.059799241095076,-16.4212543272755,-17.552078949922798,-20.68069532016586,-19.199620317535803
33.0,-0.3020428699448232,-4.897670274957358,-4.595627405012419,2.6354937204317297,2.1953348335724012,-4.70660819108315,-4.78576630524698,1.1781865024231761,-3.7363220852575196,-4.630927281321538,1.7603713203748654,3.6521590727968922
34.0,-7.204573455704432,9.922696662301622,17.12727011800629,-1.4076878200497438,-12.119320305700128,13.49541590642684,2.9905009044061037,4.177088859920156,6.66834010908092,6.349824893531961,10.061141492290751,9.87057165578235
35.0,9.05357060862786,21.65135763126765,12.597787022639942,-15.324969373957808,-1.800585870645266,17.100392095198497,-2.7200960374847662,2.403547011668363,7.767672245665053,11.694007293151527,15.432859799451531,19.11707593904298
36.0,5.3911135339062835,16.03669308952579,10.645579555619555,-10.685435615333942,-2.647576217724625,13.316941104160199,-3.1826221703623614,1.175164807135191,8.687607489300593,8.319730820091578,10.312443902255437,12.880383396296361
37.0,-2.5218024927636127,-2.541340324315973,-0.019537831552360885,2.5641900470965258,-1.261291998597616,-1.3096448100786109,2.3220071733000154,1.2126369228565048,2.3486702486050506,2.231429690879324,-0.0671182819986198,-4.4443996025191055
38.0,-4.6904207238198135,-8.750582437603507,-4.060161713783743,6.680148047369825,-0.3158130851049372,-6.3634628664818225,6.145640614680951,2.5230234955129296,2.012914208530362,2.0233172425931216,-5.639778246127053,-8.330332208816879
39.0,-1.9317219240844796,-2.049019408394064,-0.11729748430958775,1.9553190578081967,-0.9014384328707057,-1.04814202589841,4.160423896529649,0.716349547755329,-4.033928303568068,-4.990430765619107,-9.86004543130575,-11.364749408836214
40.0,-1.1023917884693248,-3.3234484859647226,-2.221056697495481,2.2596525851430753,0.5671162431360504,-2.8191570923128664,-1.5413735696660373,-1.8971174569390579,-5.203922137906588,-4.629478324110504,-4.777650878277031,-5.1435145969411185
41.0,-3.1794998390729576,-4.427465609157677,-1.2479657700847957,3.7714527658936468,-0.9608393059798574,-2.8039008936832204,-5.487842169564651,-6.720259427961703,-4.816609304936824,-3.9236500414976074,3.5165954520897014,3.0944870012419523
42.0,5.063792921543531,3.470740934450588,-1.5930519870930109,-4.301904317668008,3.326174508933329,0.9791160504446852,-4.1071382354472,0.14138960416040325,1.7741489679222857,0.15242937414478597,4.421823630167721,6.971854414963488
43.0,4.160075559068703,-0.5306512473908804,-4.690726806459541,-1.774459598648257,4.413036642935511,-2.6406324912698427,-0.07992939950912037,-0.9518267153595829,0.22668094480579598,-2.106622003543806,-1.0596476524457012,0.37551856369962566
44.0,2.755859824826813,2.4742418002257014,-0.28161802460101315,-2.578401568011539,1.4952867382443942,1.0738224571339274,3.6001714549115658,3.6001623012113533,4.246359558808108,4.000828775607387,0.6831847297330954,3.4987670785354066
45.0,-4.539995095091546,-2.611810816684403,1.9281842784072767,3.5313752332527764,-3.1886976740187327,-0.3605504200790788,-1.4265403217556138,-1.2410008053973014,-2.588404701312859,-1.0937007699696304,-1.6397152931920098,-4.217244531073948
46.0,-8.209756649235729,-5.286041193978761,2.923715455257045,6.780797219526521,-5.607036166757336,-1.2009283303960365,3.146970690206896,2.546524491252203,-0.8249748644442789,-0.7332754708525298,-4.4504520495891065,-3.9992131013657097
47.0,4.20090739830456,5.940777274481967,1.7398698761774831,-5.039071289788492,1.265860500492697,3.89425552683078,2.1728707507099925,3.1802806017005274,-0.057640938330456803,5.249894968395693,4.9028406969787905,3.9314523250656292
48.0,4.123185854268137,4.8410146369267615,0.7178287826586542,-4.53109816211807,1.7384144473910208,2.7476600975222607,-2.471706316549566,-1.337990984097486,1.0404098592821542,3.135399951759404,3.2597382598913156,2.6735084562424705
49.0,0.5187794076265944,-5.4096115225559895,-5.928390930182644,2.3930520894679574,3.18306983582606,-5.628231595069286,-0.2545501795713202,-0.23241057470830245,3.9937557788624267,-5.539564996946861,-1.8861433293462113,-4.081419435406124
50.0,0.9547461576703604,0.11780267085354668,-0.8369434868169141,-0.5139110255389953,0.8580112301007224,-0.4008572350141414,0.6226164305538047,1.456844579399218,1.589565960533559,0.37750279617004967,-2.11590295332293,-1.0814763670827179
51.0,-0.018487348891176578,-4.19921499261316,-4.180727643722079,2.1282218034263063,2.123148991247611,-4.151774881053124,-4.55224719255347,-9.15557256365807,-6.883240078251525,-3.851861634931785,-1.3797373795340664,1.2680695408035112
52.0,-1.2480833640205908,7.605189935069275,8.853273299089828,-3.159240754961762,-5.0889327623511065,8.193278568690591,-0.6429058602799842,-0.4623477294428393,-0.64195095225134,-0.6277274895128009,2.098671485992089,0.4187994957852299
53.0,-6.217000730092655,5.3866696295146195,11.603670359607307,0.43852057009431566,-8.87427131285403,8.54511208978989,1.741903606460785,1.2120417371438486,2.9584380037739426,5.112570743070902,3.086735380027819,4.510333079489687
54.0,-3.7760259576156043,0.39579560239685874,4.171821560012582,1.6426875592829713,-3.944741642625346,2.2627017019324764,1.573443594533567,4.236556293229345,-2.0613677133700565,3.5457647256084384,0.27803370223614776,0.29241591635071473
55.0,8.036455958613967,-1.34169321440472,-9.378149173018517,-3.3056697186371204,8.649355142426975,-5.374725704127978,6.518092825262277,6.935623832035931,5.96865935845616,1.432244053003084,0.8256262196861518,-0.604681541333892
56.0,5.027439590601784,-7.762147462872493,-12.789587053474149,1.3408331516406475,8.920750461595588,-10.286993661813792,-1.8886444557981483,0.4955074072281951,-0.27095887590835965,-3.1252011712241323,-4.376191193339202,-5.12517517718276
57.0,-2.6365442018923457,-8.762771199751377,-6.126226997858972,5.681455121105208,1.7498442063377233,-7.454671555662012,-1.0500291268220097,-2.9355713541342108,-1.39601635836679,-6.032269344622917,-0.3661996348309824,-1.4565290354767353
58.0,1.6386857290621544,-0.6364833460555679,-2.2751690751177613,-0.5148894380097659,1.9574883735468098,-1.466855079072051,-2.557699829398823,-4.532872546914831,-6.1886524789222275,-3.063102721548098,-4.407817925700773,0.25413892433172747
59.0,-3.337953751659445,1.3256187418602994,4.663572493519654,1.0709143753820656,-4.0008136514384836,3.060994193754567,-5.3553116676423205,-5.778376411775843,-3.5013706767506068,-3.713817210121532,-1.757038447378486,-3.9624645392748397
60.0,-1.9356958082548195,10.459901645442084,12.395597453696798,-4.280650715791262,-7.16221025739377,11.414639753055237,1.2643163859134487,1.4992500523808734,1.7988223135228494,9.2909166009181,6.146011640084392,5.250839693891184
61.0,-0.18454120221721526,9.011755729344415,9.19629693156153,-4.439845105586071,-4.6800640690137705,9.090936281020582,4.146528749510833,5.257112358461654,9.332253326914675,7.475384078106011,5.704688028088451,7.345260013079631
62.0,-3.677687062464253,-3.4184746974169844,0.2592123650472393,3.512824580351041,-1.9492225141237767,-1.5925626790034668,0.21526984353839618,2.932217754643785,1.4654301462326789,0.05026190827528243,-0.6840656512662653,-1.6287415838679462
63.0,5.549029434159931,-0.391142269705423,-5.940171703865349,-2.543771134085869,5.694033896541502,-3.1794322852789696,-1.7813653046990332,-2.7916268855248925,-0.720524547205569,-0.9447429751283412,1.5005412509255767,0.977544095536451
64.0,1.5206899960972218,-9.607989992199336,-11.12867998829654,4.0728252104965685,6.360241213306798,-10.306342729972801,1.5674544187814536,-1.1261230889832292,-3.5614734719461203,-6.98356205451768,-7.044177822513309,-7.99236773646043
65.0,-0.2399442172854951,-4.442625857727859,-4.202681640442304,2.3674505655374056,1.9430419319087129,-4.34517043175908,1.1267854913794144,-0.6876286816821588,-3.3654128475516734,-6.0720474747151005,-4.666736053044676,-2.7252135329549065
66.0,3.3917645930949267,4.488894689713739,1.0971300966189164,-3.993405502404141,1.1901970622628988,2.7622247344117614,-3.7555168216681967,-2.3324477736526616,-1.8683770011556773,1.5088506767886183,2.6842570128200993,3.1506865055175286
67.0,-3.4266781033649214,5.701950956406099,9.128629059771104,-1.111163468239314,-6.312460823061091,7.375065756300161,3.8559479280068567,5.0216739702665345,3.7643206513355794,6.241249980959816,4.504997000494281,3.8546877846881524
68.0,-3.430163798290608,1.5461143171384073,4.976278115429048,0.8905510657799455,-4.236869224483792,3.291285585028485,-0.09322727157194483,0.5542254838625988,-2.0727555573963605,1.112775234988158,1.634359210559893,0.34007648351234554
69.0,-1.115295096533477,0.04269785044389329,1.157992946977347,0.5636623787845945,-1.089013711797696,0.6252092096184674,-0.42985636110045106,-0.2721469584652048,3.663065281188282,1.5088945146432737,1.829189333325012,1.3894919102985053
70.0,-0.6502568419807981,-4.440415229520347,-3.7901583875395755,2.5721662240088214,1.6218411475078824,-4.091167538352029,-1.5814207117511576,0.3208668203593758,1.293338023332643,-0.21614303163909598,-2.8873113041106375,0.9757782773215655
71.0,4.163455300839115,-4.360887753816093,-8.52434305465522,0.04639334223576885,6.322141446119913,-6.4150648835601345,1.4879651585624145,0.18383432090570417,0.6462152217091466,-2.762584688822743,-5.442415339780833,-6.216005171834132
72.0,0.18142637096023595,-2.626020503930743,-2.807446874890986,1.2494384329464783,1.4767908340343023,-2.7620695370521746,-4.219890353976569,-3.5620162956050194,-4.312479422146651,-3.5509829044314527,-0.02836816873475323,-3.5956533361311855
73.0,3.3243984978149883,6.054196088147041,2.729797590332061,-4.659596764062061,0.2808923707448565,4.352641062162326,1.0020104399999887,-1.3325784570512793,-0.7960072018162538,1.9522318152265146,1.9967527361152293,3.2631508377766165
74.0,-3.372054165814881,0.3407119594546679,3.712766125269539,1.4710963829546766,-3.5613956821603128,2.070447688888067,1.5043646613760249,-1.5852239020582715,0.003277648395810795,-2.294282467287733,1.3358227280354231,1.530211921396016
75.0,-0.9156655806383314,5.953920221029796,6.869585801668095,-2.479310187554211,-3.91747112609565,6.378865824989792,2.932538779806772,1.5891110995719246,0.7321552072849635,2.9427542579192454,2.7690497277358954,1.5570451549439903
76.0,0.027417653514027585,4.396341690578021,4.368924037063959,-2.245432666959662,-2.1242115386271907,4.350588444051152,1.0002558321734505,5.998695668868933,3.069029808879682,4.36151492100125,0.41668817474818076,4.002509649650229
77.0,0.9440493388327431,-6.817603268598594,-7.761652607431378,2.9853907161140545,4.392728048154585,-7.241814216207457,-1.5031230875271806,1.241043449312286,2.058768889153627,0.32945708304093935,-1.6548996938069864,-2.422706791875729
78.0,0.25230935542166083,-4.04982212665295,-4.302131482074617,1.8686785883289962,2.2340736261905834,-4.125438390528604,-3.809415119584636,-3.7923261764337557,-0.7725351775833409,-2.0914979673941163,-1.0454006604195971,-2.3333095003072506
79.0,-4.469673237168714,-7.096377688446536,-2.626704451277827,5.749144213462758,-0.8871245472187903,-4.885074023494109,-0.19358422803347541,-1.0582373661695996,-2.689630510365559,-3.2813804710290277,-1.1905592628484567,-1.1395295733491548
80.0,3.980521793297238,4.40997772359177,0.4294559302945078,-4.157294934796468,1.7325506860272093,2.401937839966951,0.6695968430934447,-0.7783815949354178,-3.912689968206826,-0.24370622267467268,1.3169821901466432,2.615650501084984
81.0,0.8065469870058637,3.869848093128338,3.063301106122465,-2.387090686104596,-1.0894924735278488,3.453967215483357,-0.7069609165499778,-1.7673330231634028,-2.070434112071908,-2.7580100367252913,-1.9713327391100923,-4.895418293905219
82.0,-0.8332699259742076,1.03355172246255,1.8668216484367943,-0.07705413521840265,-1.3860281627521758,1.4404668238061782,1.9943063635765745,1.4993628036431623,1.7523400109432563,1.8950061559909295,0.9247690294097082,0.5933521335590546
83.0,0.8219656454396376,3.220443646562197,2.398478001122604,-2.001383858986428,-0.8201553830080464,2.7991921133899877,5.547067115669604,3.265719812141836,4.122584682601208,5.07760763683968,0.4791700559073159,0.8790472191523505
84.0,-5.009743429987614,-3.7190655077626618,1.2906779222249611,4.385432577231117,-3.0992478773550545,-1.150065832371489,-0.005352441275807918,0.4647735004303548,4.278616051798323,1.2765830043589927,1.5123472200148391,2.582910137880444
85.0,1.310834074734507,0.6238900130624896,-0.6869440616720742,-0.9412821431044309,0.9751451715458408,-0.05393040169778368,-6.2604441070634715,-1.8066624372682367,1.652054584781221,-1.0799877921388312,2.5091814928071585,6.964285281731819
86.0,5.245238663498545,-0.564113889548015,-5.809352553046697,-2.386229500887335,5.585836195970147,-3.2193286533200887,-2.4332866383601495,-1.170488942275394,-3.811557437340392,-3.5516356097421906,-4.092461922993889,-3.9800781283816216
87.0,3.282357966598776,-2.1763286188020925,-5.45868658540101,-0.5919663555386692,4.35239095953726,-3.7823742176788855,-1.9076956178778857,-3.644217033051393,-6.337161084934343,-4.091636154167767,-5.133385339423861,-8.731139138097664
88.0,-3.6213102868925295,1.317758408325778,4.939068695218236,1.1964366625565335,-4.298868145715599,3.074937913292474,2.641381199047834,2.952853326175024,2.217542770445126,2.6739192919709933,4.909921113840583,1.0684695738050123
89.0,-3.9448981225916175,1.2853272788566394,5.230225401448294,1.298399948727028,-4.610196552011697,3.2763678872028117,4.825984863665541,1.7018098035580254,-0.12198782313659923,2.2832184391541093,2.326729653606591,1.4574358851020084
90.0,-3.82499852445579,-0.3048860186163729,3.520112505839594,2.034949498964103,-3.7024218717420068,1.6241101384311105,2.0785423944629806,1.8181600345918358,0.2619595384617366,3.233757483746759,1.8767019226942938,5.305179477389664
91.0,3.1089376536024003,-1.2547476908902693,-4.363685344492445,-0.8769528304877041,3.775815640580028,-2.790059293570441,-0.6197417931193414,1.1580563870372307,2.2921691864086973,-0.3804902104498171,-1.6286946852043933,2.7607316396669246
92.0,4.392507988708524,0.24885801339676117,-4.143649975311614,-2.26830992283725,4.2977441379146875,-1.9222038762999152,-2.508168528044375,-2.383984669133052,-0.11535741694229285,-3.81586071812182,-2.2331181769191044,-4.553584831834046
93.0,2.6832366769492326,2.8082421877945,0.1250055108452952,-2.7692414255014643,1.300103872188748,1.4198683187602628,-2.04623511725101,-1.939409494900716,0.6276775890359947,-0.4437210045541846,-1.6385129839881456,-2.2066998656037686
94.0,-6.209821332668264,-3.0670467264065047,3.142774606261672,4.617256521142948,-4.7404241655824055,0.07452306649024809,-1.9822906708035022,0.9848467882606411,0.7163597888732692,1.62025798209994,1.1167303497065253,0.9258064760569278
95.0,-0.7846303171591376,2.1981448864571833,2.9827752036161947,-0.7276609739574735,-1.8724686148855127,2.548873262916697,-0.4588629804365021,-1.6600791773848764,-1.4827113015961983,-0.4420847798834756,1.032116549097699,1.4176220095002725
96.0,-0.04718782150199907,-5.551911669773044,-5.504723848271196,2.7759135394613357,2.739958604802629,-5.573801906621448,3.1500977874449023,0.45590488889378716,-2.2377530032644177,-1.4778074144447793,1.3020132856636626,-1.3551477561418077
97.0,1.3160869810829001,-1.340120219038251,-2.6562072001213,0.06147147162721733,2.0008555152794396,-1.971492065941151,1.0741676674507694,-0.37728946903646265,-0.6033800032160619,-1.4791524549455963,-4.855885036864935,-5.258742643918684
98.0,0.5773630501241065,6.639472421400891,6.062109371276664,-3.6452715456092806,-2.799328864316286,6.371110023159352,1.6192194562083642,0.39320032328463506,1.4318874877392123,3.010184474124283,-0.262737391598711,-0.3197140799216841
99.0,3.7662242372315373,6.545398465778123,2.7791742285465024,-5.1219117975692745,0.5255690766468021,4.6793845235866725,-0.9835250888169442,1.5049948496833019,5.2251603375896085,4.808495719207438,8.09494518378284,12.213224414078718
100.0,-0.4688604019187136,-6.118137422940672,-5.6492770210219625,3.3202714114435237,2.6346192426820494,-5.865081557791312,-1.5530962515159827,0.17348373541270146,-4.555003370125164,-4.491792329282811,-2.975153776270988,-2.9673317171320988
101.0,0.3346627591034451,-1.511969628485588,-1.8466323875889339,0.5312006111477929,1.0690206707254346,-1.6546162987756934,-0.7911012769634064,-0.1119133846281129,-2.3054090687258215,0.6130743420152793,0.18007684276089164,-0.18218617895517986
102.0,-3.2260159955260423,-2.118056309513937,1.107959686012291,2.689716821376784,-2.1778110219141227,-0.5502353396949069,-2.733781569540337,-0.47544570333446146,1.328464962133714,-2.9318186678437548,-3.737571380343175,-5.99809199180843
103.0,-0.042432298327312656,1.9714753885278355,2.013907686855386,-0.9487814221505919,-1.0322582552383515,1.95696845717499,4.7893456766136335,3.9405088729951685,3.0759009201669647,2.951099649513748,2.1733991205671703,2.769569714422151
104.0,-3.4274647377405594,-2.6199165121133454,0.807548225627417,3.0388605493314396,-2.120315311255259,-0.9336132334955312,0.8518124102688742,-0.4980279307498513,0.10936219853315743,-1.3800077065017098,0.9558476694040585,-0.37153273589162145
105.0,-2.1297715070094267,2.104354291597762,4.2341257986072485,-0.050262313274835324,-3.189073100842459,3.2268514935435917,1.3562480786725903,-4.05408151233754,-0.17916884524273757,0.28982588782938673,0.2884329962939171,1.5778200076627344
106.0,3.002389416634424,0.25148689908853106,-2.750902517545976,-1.6093293679400256,2.860785771939589,-1.2667351520127943,-3.9492753227449575,-3.2770887984024917,-3.7746788053520484,-0.7688817928843513,-3.2272609379217654,-2.50639087946991
107.0,1.1651606510230583,0.3835972939704473,-0.7815633570528386,-0.7535361893197947,1.025239028739309,-0.13545609060022945,-2.6161333674821794,0.1412539834517983,0.7027545648033959,1.1163375436114789,0.20195101430499973,1.222026621657756
108.0,-0.445073257535312,-2.2087033423818507,-1.7636300848468034,1.3524150247672342,0.6216236031879139,-2.002347195043716,0.19883412914691556,-1.482598863556089,-1.7833163675750427,-1.1121261579993438,0.6261433613477991,-2.1351390915452226
109.0,11.712240473459076,7.360057656783296,-4.35218281667595,-9.583623593407447,8.064997648005818,1.4834649478273243,3.283193267853953,6.373351560398313,3.6650293924838095,2.0084756816430307,2.799495430591132,4.552973214907862
110.0,-2.1717764898605525,-2.4235261904147625,-0.2517497005542719,2.3348213547113095,-1.0103220066105032,-1.365761535820396,0.4858951090754686,2.2988831020233738,1.6584445136668273,-0.901333192205305,-0.9654592662577088,0.021021242792718553
111.0,-4.507292314314853,-3.2684498060783573,1.2388425082365617,3.8510204805494825,-2.844542594965993,-1.0528035831781122,0.18584034418136397,0.18299709011028664,-1.5496093425493966,-0.027056279672062505,-1.0734721553176911,-2.9527046056308985
112.0,-3.165303556896699,-1.9797161031092871,1.1855874537875273,2.616577511283369,-2.143047168363692,-0.36610473677240996,0.7029578553058503,1.9710823873098153,0.5121439124135383,-0.10727833954317462,0.19736621722462677,-2.1137547186864296
113.0,-8.019868584377107,-0.08848254203456252,7.931386042342675,4.0179943139527925,-8.015884524447388,3.9454605652697756,2.1531557678901967,-4.565550408103431,0.3961017036328509,2.4272823238086634,2.2423753005733698,5.616107416673646
114.0,-2.1225266933141946,-2.683263372430258,-0.560736679115895,2.4398578682519747,-0.7361222300297441,-1.6000427425490744,-4.483983227839051,-4.368066792386051,-4.146559481523437,-2.5633357882303778,-4.412401085902582,-3.7435106396002995
115.0,8.156478868607337,6.086802051183804,-2.0696768174233595,-7.17261552109958,5.083768498721415,2.033825387570575,-3.3946808460328928,-2.800679404809284,-0.19274717132112262,-2.5164139768526725,-1.2485195430857077,-0.7710850665835723
116.0,4.859869652828585,2.125582151477463,-2.734287501351033,-3.476129647685675,3.7699760722198796,-0.35051448462082846,4.096064596027137,4.026544821447242,2.570968400623183,0.3583785278087184,5.008811127860099,-0.6422779262136518
117.0,2.5619745464311237,2.1444746715507295,-0.4174998748804266,-2.347347459228724,1.4628583638803616,0.8260933960064947,0.17545167358640357,3.0606011168045573,2.8622503197667344,1.6598025567224233,1.920658426158206,3.140729399676955
118.0,-0.5151924580394676,3.8663398562542572,4.381532314293607,-1.6771729687715708,-2.3966664280882015,4.172610926958262,-0.5116859780155412,1.03687466011338,-1.9847891447491588,2.7898102697835205,0.1790845696754202,3.9193452388413825
119.0,-6.658898017941297,-10.681474759486747,-4.022576741545581,8.666751245891081,-1.343900588392931,-7.37858842791805,1.5012607448933226,1.522830654184524,1.614051108151009,2.26536788128449,-2.874691628698255,-1.4117029176444227
120.0,-2.218570187366496,-10.592933182577466,-8.374362995211017,6.407432267314196,3.1348783258947552,-9.43302783900508,-2.6469806599845636,-2.544122381195099,-4.529870661216841,-3.6366854488028544,-4.7473486424886175,-4.942153557829729
121.0,4.562066683826817,3.497572229356713,-1.064494454470082,-4.016326251823332,2.797868186568378,1.1818490872862255,0.017923600518945593,-4.439690747809733,-0.5908012174564263,-3.02749236510091,-1.056385325123199,-2.0004790439072977
122.0,4.298647112151545,12.080319010568182,7.7816718984166675,-8.159388647997154,-1.7499498457447658,9.886240976502686,-0.17883104962452223,3.3094994401219875,1.9595391878274393,1.098033702222122,4.6768611896603245,0.702842265100162
123.0,-4.9317062295678245,2.2370018137979546,7.168708043365839,1.3169218335513184,-6.053650943435023,4.725896179847527,1.8690006203963647,-0.6577958796419286,1.5704164362028408,-2.505109296618733,2.0314252217511806,3.798016905574062
124.0,-1.60692516364492,-0.26640107482715525,1.340524088817848,0.922478152842843,-1.476532513339178,0.5513154084683993,5.396140056901316,1.6635254023336088,-0.8519540587510273,1.43256662145275,0.6575790413141718,-1.3589541725504062
125.0,-0.7218015411371406,-4.920793087591262,-4.198991546454076,2.818300926011658,1.7309342161390373,-4.549735259097571,-2.9689727931183274,0.07079381170559895,1.792918060960732,3.894374315232535,-2.4043765996387427,1.2432055239856226
126.0,-1.8205237882096394,-1.9137131818821387,-0.09318939367247214,1.8684538778972064,-0.8809719243912566,-0.9915992612230764,-3.114768445153536,1.8324299096018537,1.5388784663034678,3.4701094749707213,1.9981189590626613,1.657129120089335
127.0,6.0519788836538835,2.729495662513521,-3.32248322114034,-4.392164919899535,4.657920598038079,-0.2778699286166706,-1.9556151460156819,-2.4675077923238513,-1.9181756258708722,-1.5431614069443833,0.5413608082658512,0.20430217582270727
128.0,-0.32624125678400206,-3.433544856353459,-3.107303599569379,1.8697369259424155,1.4289662466662518,-3.320945718462385,0.057420609907602005,-2.834616354206999,-3.8237487976258913,-6.6345690089401455,-3.260436324842105,-2.3899774482401326
129.0,-1.4271014799157298,-2.656707047501744,-1.2296055675859845,2.097810800125329,-0.06724796541807732,-1.9054297424192035,1.3985981758784667,-1.201147108603019,-0.28931359793622335,0.902325867401883,-1.8773334832121844,-2.3927100135586414
130.0,3.4069845461093977,5.108328567492001,1.7013440213826119,-4.294785040865941,0.8830904808051498,3.3705871139244694,-2.3287720614774643,2.5543577237357384,0.06277599656495181,0.6239667766922813,0.3825221929100713,-0.8692246721438952
131.0,-3.0694111873645675,2.6316791604104237,5.701090347774883,0.24696962393833255,-4.429571124180952,4.134691747496738,2.437167244956874,3.131719015012081,2.667392074859591,0.5407846227223981,2.647090011514887,2.3232931846861247
132.0,-3.3391278179830444,-0.07588229001011282,3.263245527972724,1.6463195508035193,-3.337940896683034,1.639027277465893,4.572756705671911,0.7639214796798826,2.682005378101009,1.4907495324576931,2.0760332851930263,2.3642983965611015
133.0,1.2320892398066807,-0.8984809284661379,-2.130570168273005,-0.15487323067514536,1.7314813717202648,-1.4739379301996554,-0.29721266006220004,-0.6945012267642413,0.04771709922820033,1.0269239997050605,-2.422070394038782,-0.02953295096523756
134.0,2.084406982187385,-3.846914043138607,-5.931321025326025,0.8937966401862035,3.9852831747011086,-4.933063605357456,-0.9582047241870582,-0.9649645684012752,-0.6670233098319573,0.6308800202903456,-1.1010023409836571,-2.266044512039075
135.0,4.25381908334984,2.257635505552116,-1.9961835777975443,-3.236039804000076,3.104356932631478,0.08225130657672519,-2.3172276769672298,-1.9870753536130783,-1.227082796702048,-0.8985115177863258,3.134455196063402,2.7910077600855487
136.0,-8.611544414315219,-5.172092107552225,3.4394523067633243,6.924047494606803,-5.970312642215056,-0.8373347943507281,-3.843453207732755,-0.8849745716958397,-3.495452246488627,-3.6358726682189997,-3.8588610643287327,-3.8766461232455196
137.0,-0.8790584440188951,1.588650221875811,2.467708665894965,-0.38586584971541593,-1.704234992406218,2.0601912317112365,3.220171461882127,0.4922481091712736,0.08703704639574195,0.2682579634050968,0.5753025616954137,-0.1733392421293305
138.0,8.101731860641829,7.423228741835404,-0.6785031188063797,-7.778412258062118,4.349209212636537,3.4113791795485615,-0.016192208598377444,2.354352617993184,1.627708599234532,0.2764854878938774,2.341787612854735,-0.8508703583360847
139.0,1.7809647800366224,0.4490470306502492,-1.3319177493865213,-1.1191217253160861,1.5837516849759812,-0.47202056637309253,-2.3305598200435433,-1.8861578543310316,-0.06108016942278671,1.435429456997576,1.6320110003219064,7.052332973703762
140.0,-3.1923293121122662,-3.593771038803098,-0.4014417266911122,3.3954897867795424,-1.3767905024552052,-2.019662386998449,2.3895301407502103,0.31402726296356387,4.552596570678104,1.786222377331994,-2.330037835023531,-0.21702040862842864
141.0,-6.075425403006515,-1.777137186810938,4.298288216195409,3.929585980870654,-5.1732983259211,1.2437411057627947,3.3769298148761644,2.9271750302660786,-0.5703851196008252,2.2413148542042816,-1.0092892875509376,-4.834974358037867
142.0,0.0626076043760384,-1.3854602306468848,-1.4480678350229703,0.6609145904415923,0.7679032414934115,-1.433363454482153,-2.2242742264202504,-2.7831010783036785,-3.354503794531238,-2.7021334383317033,-0.45518543262731537,-2.3295655574247585
143.0,4.098750840133626,0.6221900266418388,-3.4765608134916763,-2.367510956204763,3.7239248051484015,-1.370015213729193,-1.2175378022270242,-0.09620554225942468,-2.0221884695499432,-2.0658913714348843,0.30061551816472937,1.1260936522833391
144.0,3.125053830803176,2.344862161197037,-0.7801916696059905,-2.7490171277204274,1.972039610803002,0.7516584668339302,0.5228499234522763,-0.5553705325646014,-0.02863790505362518,0.3495847549748681,0.415333526432624,2.7161198398843838
145.0,-2.7998798575735435,-4.0464449056715655,-1.2465650480979324,3.482087979577751,-0.7527370195528025,-2.6096685261410633,-3.017134075838144,-0.1903097991802588,1.5017892103308599,-1.5262128784473759,-0.9128969876050319,-3.6987799015676543
146.0,1.4501196847583326,6.6859605455797695,5.235840860821424,-4.091648342044556,-1.8660105665995055,5.907967574547989,6.939291894508084,5.35933655569273,5.33243900585458,4.307071707227311,3.6966775759282013,1.9406780625833893
147.0,-1.7963256092178956,-1.3953100366325857,0.40101557258526466,1.5699764082797238,-1.1502687820725446,-0.4798237290229319,-1.585371892743861,-4.032041980726456,-0.3250879826565094,-1.8689212000225819,-0.31214342191473077,5.816421695521413
148.0,-0.7556947036975135,-4.469291540797683,-3.7135968371001864,2.6634326711560123,1.5037724281048506,-4.078212935243713,-3.5268083661569,-1.4423782709433004,-6.82561079349023,-3.497906517460648,-4.557771221947354,-2.766343416350124
149.0,-0.9323007310027818,4.0317888662433905,4.964089597246167,-1.5807784955745623,-3.005832587484391,4.512554634856914,0.44452320983175886,1.7749141433984836,0.15170398362128967,3.998230894981657,2.757965698021437,0.656251957447981
150.0,2.6086977058669443,-1.5163595014678504,-4.125057207334809,-0.5827292193490008,3.3851574959430852,-2.8779911054844556,-1.2264519438581072,-1.1319855869951438,1.2680336684094888,-0.06812896141490388,-0.14728199537955944,-2.2900632579203393
151.0,-1.8742938406555745,-1.890034908635853,-0.015741067980364676,1.916485685535914,-0.910497648951804,-0.9203136735665237,-0.1132044546359647,0.619950558256694,2.749224723957504,-0.2691975394475833,-1.0597169953436774,-4.012953298871743
152.0,-2.211308979749453,0.055835327153730296,2.2671443069030537,1.1029871816435073,-2.2150426960228735,1.2071136202813189,1.1081245909428874,0.3821245822058071,-0.17983117180008024,-0.04335975681368692,0.7153040330314148,-0.1633465453088252
153.0,4.71293216216457,2.225325331806915,-2.48760683035772,-3.530807226878118,3.6346212044021096,-0.15229165838571077,1.9596446634884528,-0.26661358010544434,-1.4290720991676502,1.797289665144878,1.2868517493504927,1.5406036972083743
154.0,1.1196425947700446,3.2833970776877934,2.163754482917723,-2.1892460140315633,-0.5535070203389219,2.7103419851247916,1.2489061578110316,0.11539975697697147,2.2502674600681276,0.5741603659852548,1.64293732311316,4.378855798383504
155.0,1.7470943439798834,-2.361476719165457,-4.10857106314531,0.3201540570419784,2.909002469809313,-3.2464068225554223,-1.23300713046281,-0.1760365176877136,-2.889829622388058,-4.888461180946036,-2.872505685369319,-0.6454222729282595
156.0,-4.3502722219350485,-1.509854099108892,2.840418122826188,2.9501054227346724,-3.604900112760677,0.6494345042090037,-0.5941141316500175,-0.6501213722427637,0.15609508259231308,0.24480235361174074,-2.048201993562951,-0.7262525548332789
157.0,2.5338077235170977,0.409732551960416,-2.124075171556572,-1.4391110191103709,2.3234939550428146,-0.8820745827892021,0.46640924387846283,-0.680600972072974,0.2597885757615722,-0.09038452467191915,1.8124870344431994,1.5377029387983374
158.0,-10.15588091560436,-4.0786876013949325,6.077193314209582,7.086769172386207,-8.123151552679865,1.0426201950687568,-2.5945111122704696,3.7945414721461956,-0.26359086131250464,0.03042185612309012,-0.9208828363128972,-3.016002396745022
159.0,0.3507500302726285,0.05813004522263221,-0.29261998504989606,-0.2200209033378353,0.31000386412704284,-0.08225616347519016,0.9030627796020181,-0.6695681829142213,1.8800354590064643,4.509405945507766,0.9414134517669002,-1.8706972687359762
160.0,8.261206032085397,1.934012473243939,-6.327193558841523,-5.102409972050358,7.354359287778427,-2.243930413684898,-0.7637269152337316,-2.633913735519191,-2.2959732111327886,-1.223607908834385,-0.028239534091286322,0.9436976271966335
161.0,3.3268597106807722,7.00253867629456,3.6756789656135824,-5.165250171681521,-0.19994978890750703,5.372797187020635,2.66928699841079,1.6593420428377927,3.0870393278006625,0.7906627925866495,2.8329644530663045,4.5635537116148415
162.0,-0.1577777138616101,-2.559363464084177,-2.4015857502228046,1.3550969977922116,1.1690643057418413,-2.5182178909123873,-0.8566255303299652,-2.0742599540018127,-1.4024479189383945,0.7494843859547026,-1.3975973431759543,-2.086173132837216
163.0,-0.7178800275041569,-2.183527857458592,-1.4656478299545619,1.4382409475368383,0.33722071528265807,-1.7736009416061886,-1.0518012783517925,-0.4767054173969812,-2.306044185731128,-3.4001778805795726,-1.197636859369319,-2.164322404122746
164.0,-4.26042328629485,1.6104003358369545,5.870823622131856,1.3786312413049004,-5.106652370923442,3.72226026512032,0.1797025940175045,1.123711411339778,2.6326521125604443,-1.9480358940471278,0.6054997841765712,2.9639909369418938
165.0,1.7469750507547643,1.8882635914532901,0.14128854069872832,-1.8561181622191036,0.8369415664304143,1.002121913211011,-0.26907287958764914,1.6579167832928483,-0.7253208863884417,-0.9516265279718503,2.0278389534140406,0.05652100091747614
166.0,-4.670369523811521,-7.6527474454861855,-2.982377921674428,6.190626352069737,-0.8908672660023804,-5.33035188560106,2.569699991781561,0.009868420008979584,-2.1263789896197745,0.8751077317370028,-3.6818357669741797,-0.710990859180717
167.0,-1.0407384098218821,-6.2018479077218736,-5.161109497899854,3.5648817714806653,2.092303139210016,-5.70067958313342,0.6456510044938945,-0.7653751395106201,2.194727134151088,3.238493032255208,-2.661976260678018,-8.131720156168427
168.0,0.7406304202255677,3.3549151414513187,2.614284721225789,-2.0264533748581686,-0.9012078310343901,3.0328073956068744,-1.8647887065190358,0.2552485385748277,1.0005477528189557,3.3595339232046095,1.887830719321391,1.3047035431653806
169.0,3.5637456567213834,7.4646999061651105,3.900954249443752,-5.488268002026033,-0.2050976796657309,5.638699965075574,-1.087112823803257,-1.105625436159941,0.49902010807684943,-1.736625320724932,-0.29908169941216833,6.426974857043563
170.0,4.6310798233457655,6.575041970607334,1.9439621472615818,-5.568293828913928,1.3942343432997473,4.281499034935502,-0.30473455407806116,1.661809646445405,-0.20243556433277873,0.22268428329877443,5.9335883772445825,6.6098672425265645
171.0,5.776169993842514,6.207493858276561,0.4313238644340116,-6.025454576400826,2.6522739560173934,3.3325502898938875,1.1135225666634767,-0.510229879545981,-0.5507762266268897,-2.222018965109461,1.857229016197483,1.3902362971745617
172.0,-2.6979956041846553,-9.724183069647943,-7.026187465463333,6.186313526647478,2.149009422947924,-8.3654032290235,-2.3639490911742955,-0.896319177735384,-4.968399785991793,-4.784076931241951,-5.940772906934811,-10.261491487306696
173.0,-16.165618331499864,-12.97105288827845,3.194565443221374,14.548332249554033,-9.694440075920248,-4.875966235355548,1.1509279454861703,-1.3794820831295225,0.14335370451019802,-0.5926867437044545,-3.299886693049867,-2.685873475040733
174.0,1.8494433120779554,0.8387239313028889,-1.010719380775089,-1.2859575376015844,1.4122967462398797,-0.14495001831793086,0.5729534609111386,0.2927927377527462,2.41159221052222,5.3187253752001435,2.939554840425062,-0.21141744104198468
175.0,5.27413726349197,7.812585906432826,2.538448642940881,-6.569796544472034,1.344225648693596,5.206308525047594,2.2420649895580524,2.9107181163833524,5.145205699800956,5.731075605442054,2.81541270061643,4.699312719833553
176.0,1.9849438863321147,0.9915357897076018,-0.9934080966244019,-1.524141147124324,1.5387277899665581,-0.03623674150105538,-0.05959654759272692,-1.5548923513624047,0.49175586089825973,-1.7113038532274376,0.30813922246320113,3.584548872272791
177.0,-0.6961967948098597,-0.6513474708333802,0.044849323976605515,0.7058518140096184,-0.32396770023928734,-0.2472800163924853,-3.7054622810570073,-1.6908560239376829,-3.63130563027231,-5.033482857989221,-3.6321030929102553,-3.016299910694949
178.0,2.2439451855408032,2.7382148959835204,0.49426971044276163,-2.468580241588646,0.8431827830636116,1.6041403227384703,2.798966739599124,3.4190362360613817,-0.31078739910694875,-2.5889355002326337,-0.18976923784075372,-1.8300860028365897
179.0,4.7410831878547235,2.1781168469623795,-2.562966340892407,-3.443500178440276,3.6236356601636532,-0.19717603743938827,0.8071647808452866,0.5927181273273693,0.7354425626067629,2.047968324994056,1.811299655257887,0.8287136510729881
180.0,-6.092968942728513,-7.907210623068856,-1.81424168034041,6.935316225495943,-2.085169636065554,-4.862468487626158,-0.7611524813231124,0.566184952924745,-2.4753347929882152,0.25332640861134237,-0.48811250819491603,-1.6033522417602337
181.0,-1.5264812676089612,-1.177407145355307,0.349074122253603,1.3681962093761229,-0.960468799456232,-0.4174360484513162,-2.057504671593082,-4.128552240353071,-2.4056100306115447,0.6673474868799836,-2.460138381825346,-0.39662572984577193
182.0,-2.5880138549547347,2.978198501718907,5.566212356673655,-0.1728991100322783,-4.101692450137131,4.263725668708112,0.02309064428149743,1.0899684732689237,2.6985593017639493,2.174762333113335,4.0019732338621745,4.782494419518483
183.0,6.9749928635655705,5.251288897027772,-1.7237039665377534,-6.082727931437898,4.318960104886079,1.7482264160957715,-0.11885104589491625,-1.1144572205567245,2.412007505189309,0.7538505558045686,1.9061804450787165,1.5634110404054635
184.0,-3.999291735546405,-3.549432149625398,0.4498595859210801,3.7347821152808747,-2.184249593895233,-1.5720661639166782,0.8208299616219786,-1.5747355034887298,-0.6411283900883094,-3.9562634576062976,-4.429100029245531,-3.4939152458838625
185.0,-4.647732729201318,-2.8305054199408306,1.817227309260467,3.7071617041908786,-3.2781640967014996,-0.4546563491449177,1.2847505660863772,-0.1432054564400262,-1.7718128229028762,-2.052946937083674,-3.580402551647344,-5.517574840243669
186.0,4.295077099909192,1.2554209912990324,-3.0396561086102514,-2.7231501118235006,3.6970593262769595,-0.8417650980464549,-3.169179998124938,2.5194765901912124,0.8206980078354371,3.0141052345143975,2.9641968334368713,2.3256780287907444
187.0,6.002260828651547,6.720066730694054,0.7178059020424048,-6.385292409773587,2.6742722866675264,3.690818997713156,2.757731145610781,4.488565509180319,4.306170252293174,5.648621680288757,7.892029747423503,4.588290935900588
188.0,-4.48206143168562,-5.463281892843881,-0.9812204611582938,4.948467779173335,-1.7106979002750515,-3.250285099976097,2.8979752886928685,-0.8211035464004346,-0.9295838874716473,-1.2130863650902604,-0.8007616977646679,0.7128500506628619
189.0,1.6282797152450168,-1.0437855101847564,-2.6720652254296677,-0.2397970917572232,2.1214604686521845,-1.8883109408850305,-0.4268608058054012,-0.8698869279136155,-1.411761235839414,-2.546323138650802,-3.6566326687594986,1.4298000938651652
190.0,-0.8276369749409285,0.31256957284092857,1.1402065477820686,0.22777424230651167,-1.0036734435993027,0.7686934412005058,-2.396418219142985,-2.961026307251886,-4.38907757285696,-3.9685675390782165,-5.0703248237502585,-3.781525004089307
191.0,-3.946088768878945,-4.078541642114441,-0.13245287323535326,4.057025042426014,-1.9226422692129472,-2.1513946791687584,-4.570841665480544,-1.3432551823644674,-0.7164345433672308,-3.7867951453044233,-3.7306452596370057,-4.076308593414157
192.0,-0.24463383273796802,0.35712923788311757,0.6017630706211097,-0.09495151138017333,-0.44197848813190355,0.5012738967140804,3.458338135075147,0.8622592997503074,1.1578230323197491,2.89125820510462,3.3000875050232237,1.1694800676790575
193.0,2.867592494451155,8.981653760040269,6.114061265588995,-5.967882691549517,-1.6511595847479892,7.5597636341573935,0.14912517400076197,1.1806616471007798,2.8603144409373282,4.192790792892106,6.003492093040266,1.4206990313636354
194.0,1.4937259671524368,0.21531620268743712,-1.2784097644651098,-0.8228383641144159,1.4244206275611324,-0.5258465964161565,1.9009568051012036,1.7302019849898747,1.8141779487749332,2.0208103630936716,2.206364370435354,2.9538916455298088
195.0,0.7214522524531373,-2.7651339206767656,-3.4865861731299423,1.0511335416962446,2.1303628481419175,-3.1209212598124525,-1.4398521745177153,-1.6766126814764035,-0.9863653088500404,1.203955948724017,-0.010677413580071793,-0.5391922222752827
196.0,-2.2536830255639737,-4.762638284608224,-2.508955259044243,3.5369248080630555,0.14566390768324866,-3.6257905414882265,-2.5693275773780835,-1.1580104139150613,-1.5044173319962877,-2.2029010165081755,-4.38128689642264,-2.3739887343598385
197.0,-0.3258409406409143,-4.158378287098947,-3.832537346458014,2.1935326056758804,1.7683883357863848,-4.054295646460097,0.664309674961848,-1.2430314562275833,-0.2238226282950322,-2.7452997069421055,-3.7070574625324815,-0.8914375108356293
198.0,1.965596857537026,6.506845367571703,4.541248510034652,-4.281653679286272,-1.3493546852185108,5.5566275740027145,2.8198645941349163,1.6765307916532088,1.5040420430181647,1.3257097576775574,2.594986420337187,1.6153420841096786
199.0,-3.672595152804404,3.5276120878728934,7.200207240677241,0.11036768637307448,-5.413257279863549,5.409213109251896,-0.8425493042935674,-2.168224759578364,-2.1207905519837267,-1.4239854222821715,0.5220997834557176,3.6296833475786783
