Time(ms),I,II,III,aVR,aVL,aVF,V1,V2,V3,V4,V5,V6
-200.0,4.2476238910922035,2.471350161075448,-1.7762737300169946,-3.3967248719332064,3.0341242042220395,0.3284327534154605,-5.779272945935638,-0.26469237021934233,1.1151367193294384,-0.6560075813680475,-2.6869865929324868,2.7715181504274042
-199.0,-3.83963503213951,7.4067173603109655,11.246352392450202,-1.7402305441472135,-7.6020100480438915,9.305725628029533,-0.42580229081470833,1.4314210118969783,4.549296503635645,2.1595489889462725,8.005762611925674,9.563721228299988
-198.0,-4.907800197893944,0.9204060326665133,5.8282062305602,1.959000763414186,-5.346620154634051,3.350076269318743,1.1016280736762045,-2.8996081537000635,-3.0620039011672437,-0.424838408294008,4.2408080941327855,1.5755829445401153
-197.0,-2.998441768681702,8.77685846079646,11.775300229478054,-2.846852569020502,-7.360824980962756,10.326054176520305,6.1123200601833485,-4.106282217059336,-2.1417897194156317,-0.6686953850881407,6.8861686232117965,0.9200864459509286
-196.0,6.949166008291623,-2.3973930922325106,-9.346559100524075,-2.317207991985204,8.179675547226363,-5.905603959507693,4.698013938671474,5.499724937134512,1.5093038598131805,3.2002177602728406,-2.298065041836623,-3.69341239977161
-195.0,6.4476933319634995,-9.353500090302736,-15.801193422266035,1.4039545745698299,11.082192432167586,-12.536610547010156,-0.2586997238948654,6.949387589955665,5.24436123540644,3.034808791782777,-5.640711624222062,-3.7567885941971877
-194.0,2.789693030104617,-3.9163978718512693,-6.706090901955644,0.584858202651275,4.707558254011626,-5.3526731057553665,-1.8246156028970177,0.07164872877875528,0.5606054229991317,-3.3787800638175316,-4.7798233856440735,-1.6476233404182792
-193.0,-5.442153994464531,-5.8745120275147045,-0.43235803305001586,5.673830376546473,-2.467852857259909,-3.1184024793603213,-3.572208424007262,-0.9900110680578834,-1.9544819460539573,-0.6233322318213093,1.1849260867656932,1.174355005057242
-192.0,-8.885723786190855,-6.543588129943797,2.342135656247138,7.7291360195625245,-5.659465198733805,-2.1457417963880348,2.51342093166131,-4.875575018270217,-4.477896367803349,-1.2356835036534648,0.6193864608536215,-1.2899837555847637
-191.0,-0.6519944060152127,6.5113602012526215,7.16335460726784,-2.910002840240865,-3.8790386016931087,6.870482845012235,0.1872182823254508,-1.2856329434825402,-1.8493559718815105,-0.12231194491621866,0.627515639664776,4.16946031609426
-190.0,9.5356546376186,15.340866802039196,5.805212164420505,-12.408073836359865,1.8902315412329287,10.605921294330196,-5.848999577672231,0.059223728021932986,0.9385837884117327,-1.3536084628497314,5.305060341637812,2.6472797168776787
-189.0,-2.1081819711360623,5.91152089914379,8.019702870279694,-1.9372089639507246,-5.0407542022891505,6.919674332704994,-3.2812246819180233,-2.5837218115611447,-1.5093544892264963,-2.2416283848982617,-1.0151541756145996,0.5198453671832162
-188.0,-6.302056992559217,-10.996085863472263,-4.694028870913141,8.625464876413316,-0.7811479429877308,-7.890828070035603,5.690513211281979,-1.149247676404336,-0.9973151937043485,0.4025327456661945,-4.693149995039491,-3.700290198487897
-187.0,-6.300579026319787,-4.931580932269198,1.3689980940505868,5.600245275515814,-3.890521171799093,-1.747642028490148,3.2230279580372336,-0.19717723217050565,0.97020766715407,1.0720849713769158,-3.4954747712519456,-2.7982409927654577
-186.0,9.987294994937589,2.531289777214755,-7.456005217722762,-6.273036831157776,8.665686950868281,-2.4273616081751266,-3.7609817942068453,5.5966873775348365,7.509196646421204,2.7796991111614333,-0.5649738984569004,-2.890362194629003
-185.0,2.7302485009098154,4.660588691593393,1.930340190683693,-3.6336977837576927,0.4221851841707043,3.3321896392707506,4.589204845472394,0.8662871512564401,-1.3066236792408241,0.5968332444087971,4.399800273044979,1.8902828024909488
-184.0,5.456291860568891,-1.194560355109609,-6.650852215678477,-2.15484816827347,6.075946092581364,-3.963466670220952,3.4888567372414054,2.715139950653464,2.3259913791774958,3.413525623530248,6.004381653507599,2.512095084109285
-183.0,-0.5217018808522362,-6.906905256082885,-6.385203375230705,3.6820078181835894,2.9563026908156633,-6.687023668278776,-1.7759595216306308,1.4467145433239168,-1.8875517823737282,-1.7925990776940772,0.317570373044576,4.220413299681779
-182.0,0.8847905308175201,0.6345836546310077,-0.25020687618662396,-0.7208069837339064,0.5970252502059971,0.22775588181076434,-5.779170227473408,1.0414980344521723,-0.33910692167714496,0.30822091709376975,-0.0982087758925127,2.5466747207973928
-181.0,-0.6243386622839928,6.882273282546524,7.506611944830353,-3.095619459252813,-4.107276141933409,7.147418172743755,-4.661262061007813,-4.621789289393203,0.6503681026269348,2.3478236978324545,2.7084280878052462,2.44717705208416
-180.0,-10.69163248310359,1.4794118746369294,12.171044357740431,4.55750399856159,-11.464664261209633,6.8526758658578615,1.9533915416841188,-4.2982021967156765,-4.515184394953096,-4.774665428246259,-8.208405877648119,-5.421822816014868
-179.0,-8.499213008094033,-4.609762306999821,3.8894507010942396,6.58322401651645,-6.1413263456250515,-0.335963817300331,3.5785412553397844,-4.348049014420104,-5.046393841281544,-4.528101335812449,-5.459943887598782,-8.20578765794817
-178.0,5.624201342405944,-3.302059966740041,-8.926261309145923,-1.2115495163620793,7.254276544539679,-6.091161003790559,1.165816877794853,1.634511744583155,-0.5036205446226786,-2.978691403568064,0.323084611350386,-1.517555007333737
-177.0,0.22102129719496766,-7.389426184974494,-7.610447482169394,3.612290960539122,3.8954155948814573,-7.554618550525369,3.5558733331948598,2.8112663588379383,1.5528774265661571,-0.21493853786515887,-0.19868798343280591,1.1320525665728551
-176.0,-0.5221426103063429,0.3299488176378771,0.8520914279442451,0.12412753369306273,-0.632696623105728,0.6177956681129322,3.196067669497965,0.6119648855118078,4.13075507310546,2.8975656251724726,-0.7298555440194665,0.103166354193867
-175.0,9.57611477770373,8.359404363899955,-1.2167104138037987,-9.018039304516943,5.363985770042047,3.6014294015840473,-5.845651303279556,2.7453698098530532,4.203930898828579,5.401976869227759,5.247008588493623,4.540822303496541
-174.0,12.421928160951888,10.27827122568586,-2.1436569352660917,-11.319981653442378,7.239794719116778,4.021643526408834,-8.398936221367352,3.8766931319133042,5.183632306743705,5.701621516539111,7.804996167864285,7.109647411277457
-173.0,-2.2102753548723992,0.2726388368951742,2.4829141917675646,0.9237405810876735,-2.3214961336688953,1.3344904698811373,1.9612491741774711,2.037521336408651,-1.284599760999773,-0.07984500230735225,0.9257168047466782,-0.19170902518973865
-172.0,-8.429663171891445,7.423867913578476,15.853531085469948,0.5422715306862933,-12.124656916675338,11.676270438525851,0.8349143149136247,-5.750274151105512,-4.799479977366156,0.9829030435884161,2.807302102684359,0.721727348883732
-171.0,-10.21943230288303,-10.77763008657136,-0.5581977836882661,10.545152690947036,-4.817351780391998,-5.627803603045316,3.725271048276669,-6.1542128096938375,-8.859942677598887,-8.545329703906354,-5.608105969442025,-3.5686227442592258
-170.0,-1.225123052798275,-8.695177253564486,-7.470054200766113,4.935306275133526,3.1373008493311296,-8.117806178130632,4.1030045472534,2.6166444028403335,2.633617190820496,-2.7138868574457016,-7.114472434442845,-1.5516504068593702
-169.0,2.6774197757847626,-10.053633637996818,-12.731053413781495,3.668596359193186,7.64645768113844,-11.344597478023736,1.2997661818928417,1.6465919014874026,1.590024487220305,-2.126491767852003,-5.608784428150574,-6.968923928340598
-168.0,-1.9008826285820692,-2.2307418720707184,-0.32985924348862916,2.048009972540493,-0.7556877380472375,-1.307190689190488,1.2836533865785036,-0.7685441115634479,1.5732730586098447,-1.3406379409936329,-2.047491518987247,-3.910452203280798
-167.0,4.664118524509545,10.768178756976575,6.104060232466981,-7.736480534261161,-0.6810040557644823,8.41225152465416,-7.157459793846832,3.13246377468266,2.9005419043312486,9.6816232643364,8.392404098253364,7.875353183339458
-166.0,6.899225702465912,11.241196219845726,4.341970517379753,-9.017820654533576,1.2459943850202595,7.768973997414353,-3.2402726963981756,1.6361756805809344,2.2979355187454367,2.1128293543942664,6.8086611700229405,4.807989577962752
-165.0,-0.0630505010679574,4.952160468623558,5.0152109696914735,-2.4786236847050667,-2.5680601337841082,5.039335987532881,0.14167239319144986,-1.1818348954824036,-3.38219212014904,-1.8120772695851235,-0.2577450425667722,-2.808584302746578
-164.0,-6.866804406885487,-6.155995021715592,0.7108093851698931,6.548943682824697,-3.817671158372592,-2.7472803804310137,2.777356786658822,-6.076959791824326,-4.247253589072627,-5.283511111477772,-4.511242145246111,-1.102430957038916
-163.0,7.537040412140641,-2.1897737822895844,-9.726814194430192,-2.7194124621112055,8.679257330553945,-5.984739457971758,1.0047554907116139,1.5400178243096172,2.0353245919232497,-1.3515142733794698,1.4912990046828205,3.7479710555490646
-162.0,-2.918589660123523,-6.517069492557297,-3.598479832433732,4.750001785767646,0.3837799568217364,-5.006657712250024,-2.1972915573170844,1.660577311356426,2.388674431351543,3.7682812886868833,-0.5166858003703765,-1.149040912618618
-161.0,-10.170416778560941,-9.301340902069157,0.8690758764918285,9.771220801025192,-5.557490476786095,-4.244191165200502,3.7401616462456406,1.0484174578393464,1.0869629414964206,4.08800092405192,-3.4026542682422685,-0.5587371691340388
-160.0,-2.9851173548711016,-1.5574026417859002,1.4277147130852603,2.234261826724322,-2.2453378415064558,-0.014269928805567211,0.49220952878290114,-0.22070759458255074,-4.5162392363333,-4.09432864436841,-1.8120655977779692,-3.3299043520250198
-159.0,10.968231584542778,16.48109591455914,5.512864330016433,-13.753300327291381,2.768165638640203,10.968157652762082,0.8346117918354041,2.2215262048482276,-0.38360282088755016,-2.315919731441859,3.1374892240162433,-0.41368086338254106
-158.0,2.019253022207479,9.00955474128305,6.9903017190756085,-5.534156624262532,-2.443066841809907,7.969245968041857,1.6374130268615974,1.6110275117479524,4.0228432399759875,3.333010214926465,4.482039684648377,-0.24490276243341158
-157.0,3.2886641014783935,9.505432713293159,6.216768611814757,-6.329987423769255,-1.4979091111369534,7.82732608411046,-1.008046162324204,-2.557688393719926,1.7126986419139079,1.6514404057745113,-0.6713916608766233,3.8760817226867195
-156.0,0.44578531599592086,-9.099303512672108,-9.545088828668074,4.321054982403149,4.963760334848705,-9.280772966755912,-7.977945996239141,-5.225255747614717,-2.539445852077619,-2.032004157934862,-0.5604340708929735,1.8085756412541116
-155.0,-3.4052905145661225,-15.277654715967518,-11.872364201401442,9.338490694965285,4.203666561410563,-13.536416261665444,0.1885365426718817,-0.5770951357983516,-3.9775775000247906,-3.6127142534759713,-3.8134958202463105,0.7668320279011761
-154.0,-3.703416308267885,-11.715715469535937,-8.012299161268068,7.705164142942454,2.205319309407383,-9.905326363354998,1.8829018462462905,3.633612514294322,4.705736335406695,0.5857087670910417,0.013017383787438996,-2.182812989955079
-153.0,-7.285278914429448,-2.8476969733106685,4.437581941118785,5.056403593626225,-5.886284711603009,0.8330984348866037,-0.48748800623266364,0.9901772023668789,2.0802867602404476,1.010366420335534,0.16388270623303552,-4.445984883591772
-152.0,-1.1285967080187942,10.235474358688077,11.364071066706874,-4.572433456467315,-6.188003082957907,10.76121752429998,2.274287119113768,4.597205790499565,-0.7085832654007362,2.8213649228354956,1.0453812592610903,-0.8377395871482816
-151.0,3.891178013814814,7.392206360672592,3.5010283468577743,-5.670630468001349,0.1799721771453502,5.489136276512131,3.875406326716688,-2.1153479714205807,-5.8994049236672055,0.4216226130965477,-2.4378434874289208,-0.6190811479305804
-150.0,6.106260571473895,8.791673680857208,2.685413109383298,-7.407332298234965,1.7000889922860292,5.703976448936878,0.01699602434580849,-3.4926081460853653,-0.9266505608315723,-2.636081950009154,0.8095280867209029,3.0919554128157576
-149.0,6.9221433995005315,8.126972005769288,1.2048286062687519,-7.48688720117161,2.8508108406918877,4.6319551135022365,0.4934476689214377,-3.1155299258008005,-0.0687641168145618,0.30792167461172903,4.539906935712663,2.8975879388894334
-148.0,4.342495198339986,-0.8707712225132038,-5.2132664208531505,-1.7755403814186135,4.769042079758748,-2.997271363152426,-1.886898734290468,1.7486269590223422,4.5553783892993875,-1.1637285926768106,-0.612250709163424,1.3641918360811103
-147.0,-6.671652995201514,-15.171811346312642,-8.500158351111056,10.966978159796229,0.9009000909535549,-11.869845820935396,-1.8109232806396667,2.8141893799981674,2.030828472332648,0.732644112569339,-1.6518049826145202,-1.3479469873640717
-146.0,-10.979744312230377,-9.994087196344971,0.9856571158854655,10.462271659590694,-6.002874300658293,-4.45814005677365,-0.7782055026819266,1.681657268506505,2.0622643947293424,2.862196133608297,2.49003460025578,1.8364288595895355
-145.0,-3.7101749850987726,-4.080360828581567,-0.3701858434827545,3.8794005300402663,-1.6185816885248085,-2.2554855916428074,-3.6372109737066736,-1.3870812489805269,-0.9461262590476145,1.3010518844255343,-2.551193161556926,-5.3662508465316865
-144.0,0.4218200150740148,0.08354004849509611,-0.3382799665789036,-0.26230297721440454,0.34703440902410176,-0.07577509082054357,2.416819592672079,-0.5478052812795922,-3.686099523128972,-1.6407449707355894,-2.17031704768387,-1.006819121386307
-143.0,4.51609374851446,11.118930697605924,6.602836949091474,-7.824794078615887,-1.0009811844775118,8.835938316194309,3.3761862475850024,-2.457776077701157,-0.38046380314945516,-2.9601204755193087,1.350663569815782,2.7994806269970756
-142.0,8.296516488372212,11.11695668770169,2.820440199329493,-9.715638702551857,2.7789401952449104,6.943480963050229,0.5100713852972945,3.382024299130305,-1.3449384510204008,-0.7192313427153327,-0.6719916310538572,3.291099327574035
-141.0,1.7186707948284434,0.28008304761723135,-1.4385877472112196,-0.9341452894635669,1.5397238804566784,-0.608340087050375,0.14530122058663397,0.8881783392576525,1.3090823838109826,1.7924176655907955,3.174643910638918,-1.3889663862145856
-140.0,2.672185406692143,-0.5149166911483656,-3.187102097840533,-1.0983329862779565,2.888717645609444,-1.808917826166925,-9.765243365789221,-5.162767303290009,-2.833041163820195,-4.07798764727156,-3.010367773549186,-7.609810115652757
-139.0,0.5671016472602168,6.275389443548745,5.7082877962885,-3.447293755144041,-2.6148337571520006,6.023653341901554,6.41199563960126,2.8529487820428545,5.346419916314073,9.50497041012556,3.99536791686552,5.534006968709862
-138.0,-13.588937210593304,-16.120241582619943,-2.5313043720266526,14.823073251513312,-5.497761301269582,-9.383867304247254,7.183723418013786,0.12433285464957866,-0.4023123228108836,-3.9385042325066104,-4.069684765422094,-0.08576060890561021
-137.0,-0.37872047971117784,-4.5054772284856055,-4.1267567487743975,2.48527465257464,1.9035960216159071,-4.305277364067342,-2.6079445851760967,0.6566757195878559,-0.9108632395555922,-2.9110780816441535,-2.438666481326784,-1.4271318054533781
-136.0,-1.3744979232239025,-5.7703965922157305,-4.395898668991768,3.612858445790345,1.5426716351228242,-5.078645745618275,-2.58968473647251,-1.1909894981891156,-0.8067301994025347,-0.567699903775284,0.5862088725623218,2.7322165565231353
-135.0,-1.4921738683766632,-4.7542893069218355,-3.2621154385451083,3.0827056860207676,0.8449724899827402,-4.005048055655882,3.9230366258523017,0.7642982657724839,-0.5278288312180437,-1.822932944801209,3.028501631834007,-0.45572181103075105
-134.0,6.667917045977644,7.617006219518214,0.9490891735406306,-7.106785235644392,2.9079736364256874,4.290251802786479,-3.731261823828554,0.7231031176313628,-0.7736094409800852,0.9271679684506713,-0.6736868302787224,-1.761948578250746
-133.0,4.975228769188113,12.09107448286513,7.115845713677007,-8.579643444088786,-1.0905206428631957,9.619189269524423,-5.744579792494681,-1.632348834341356,-0.6582176903380097,4.991739864967093,3.0654696418856506,1.5967955742620206
-132.0,-1.4318277157658876,11.482609709762285,12.914437425528087,-5.075692112634702,-7.18648705671513,12.225222826047851,-3.9838619781277007,-1.6271780694835223,2.722794624262365,3.6074561199224258,2.710438566461982,5.0636224205496445
-131.0,3.2153096406287207,4.672582926292519,1.4572732856636765,-3.9182037529858986,0.8669828258550933,3.0238409423928756,6.286160898777775,4.24623486312151,5.775556497969088,1.256238618027172,-1.1206188716607746,-1.8874414911370203
-130.0,-3.512496359567111,-12.791563378193702,-9.279067018626701,8.177982231783886,2.8664983038497627,-11.067406563173463,4.398613742217791,-1.3755702686240463,-4.856757756662207,-5.05237398576749,-3.801243686771072,-8.825617635943603
-129.0,-3.332911163392465,-12.428819900356526,-9.095908736964036,7.910957945930112,2.855527137469985,-10.78821504977108,6.753799476707084,-0.8222335106658304,-0.5290883819562044,-2.0316954861448573,-3.2331688810300676,2.868713644859784
-128.0,-1.4302298128449982,-1.9451753635074311,-0.5149455506623166,1.7252042855699559,-0.4152687859404709,-1.173240336351304,-2.2990492491787102,0.5000489037581382,-2.2812343291837838,-2.3599834138449904,0.6539667692804461,3.710449614324984
-127.0,2.4428560865397877,-0.15927961449652317,-2.602135701036172,-1.1747225752345947,2.556790784600273,-1.4000026106855832,-9.03327117844364,-2.877074386237622,-3.8699071819602247,-4.499395780646117,-1.9046529609836838,-1.9809384507179026
-126.0,1.381377418337716,7.445143072665888,6.063765654328197,-4.440112437654301,-2.388875032253836,6.8160040337527645,-3.0017989010968016,2.4412733762856424,2.43117348143412,3.3719095500784553,2.9720154035222306,0.07675494675551453
-125.0,0.48920145590327446,-0.8543311451192368,-1.3435326010225825,0.15706677127518187,0.9496576978459104,-1.114683749539009,3.6989454810954028,4.173120801100452,3.410076242435377,2.883353801638818,-0.5868355161011536,-2.9793454580953096
-124.0,-0.8726045244810947,5.671531553787977,6.544136078268965,-2.4290716703952393,-3.668880092261761,6.0920455600390895,1.0408627612304366,-1.2551587638752122,3.087803892537829,3.346838708796509,4.451367743252879,4.179853630991925
-123.0,-4.209434978321576,-7.78505424853583,-3.5756192702143705,6.038081924299961,-0.3488496775154122,-5.69851456501574,5.608964011762775,-1.5474760375078849,2.003627077193741,3.8912937993613226,2.8387088596345036,1.5165947170435505
-122.0,1.1102864734191293,1.9461639279767535,0.8358774545575511,-1.4972856057859767,0.11068224708381179,1.3680086520781032,-2.436042136817708,-2.3218710501794195,-5.009543998463202,-2.0897795993596833,-1.8009173146356972,1.1513381364270274
-121.0,2.2735545090985863,9.819173479161526,7.545618970062954,-6.024111137306003,-2.6609142771538252,8.653141618574079,-2.0225322998485793,-4.865102325365952,-4.5375792717484575,-6.303656431387857,-3.283396319890673,1.2365449629196088
-120.0,-1.7503256574531836,-6.018054523573103,-4.2677288661198265,3.82225764971511,1.2316847494887069,-5.099271184554944,-0.4163545962136468,0.9062456529062828,-3.61712463688527,-4.069173434809292,-2.350522365376154,-5.462984846469146
-119.0,-2.657737041541324,-5.012107552942613,-2.3543705114011435,3.8503817875407047,-0.10414671703139033,-3.643543779131391,0.08055793341714124,3.5422002377915294,4.724481391853969,3.7021088039286356,-2.63852171276519,-4.555926075514459
-118.0,1.8427138397629057,-2.6019476841006273,-4.444661523863444,0.3974464676674381,3.1874067638311367,-3.4850856158985026,-0.9744774458204556,6.094733047505853,7.511736634777003,4.371888070139992,-0.5974727363943075,-0.7937241331853793
-117.0,2.9936512355819422,-2.6091508235164915,-5.602802059098348,-0.1695024648182215,4.261713004544029,-4.146349568727074,-0.9067057963855343,0.4556671482836654,1.4937407396664972,-0.31597382274992625,1.9601102776264694,1.5434229321502544
-116.0,7.2739346237037665,8.925969573849375,1.6520349501456328,-8.149983895135472,2.8547120691925336,5.248889290349776,1.9324588515390917,-1.9569775296610001,-4.0344199547347275,-0.5611974617148219,5.729706908141901,7.1655943496702506
-115.0,8.542050958429895,15.595589204111318,7.053538245681391,-12.034312743619953,0.713138301494068,11.283559944757911,1.3166905183095723,-0.6404806086399135,-0.5195705228878829,2.937952907123605,6.387915322466545,7.7579419890237675
-114.0,-4.490669617687891,0.3911666572603325,4.881836274948192,2.010592085806831,-4.712607991273389,2.6719236570083122,-1.8097939681436523,-2.9715655169215855,-3.763878567252837,-2.3431408866413195,-1.1526039519135352,0.09484775424391323
-113.0,-25.233944530784196,-25.486558498684474,-0.25261396790025437,25.32572925968909,-12.512856915979846,-12.837255552636876,3.300165383084238,-3.692722038198112,-2.271192694719419,-5.361280635504645,-7.465713338082373,-11.90268579474387
-112.0,-3.9073353861349034,-8.097432415103949,-4.190097028968918,6.05144165309906,0.20048297803177473,-6.114251474809154,-0.6044391418210538,0.07472984574970853,0.602042963410671,0.22973793920178598,-5.687031215916509,-5.244438717224161
-111.0,9.43067747079213,13.064739661404195,3.634062190612251,-11.193317398449963,2.8791530903856377,8.298434204782602,-4.396384695605038,2.0355624509760304,3.12956218909626,0.1837210775321821,-1.218445116322329,0.6158558233795337
-110.0,6.7180179071281625,1.416451986844935,-5.30156592028308,-4.08634024907562,5.989079640775587,-1.9150776003625851,2.603778368073215,2.179804445023652,3.19316033380135,4.4818837916432095,4.572603627226192,3.6944204878573492
-109.0,5.188823035165838,4.115106829949228,-1.0737162052165856,-4.667361786875201,3.185933403413597,1.4705213608412535,1.0236964482747881,2.9816637560923285,0.34788468413831586,3.282371703929477,4.817011657003757,3.7625165979322253
-108.0,8.930834750901525,8.690953107568827,-0.23988164333276873,-8.825823405652574,4.556471569649371,4.256433640079807,-2.775568749504104,-0.8271218493976413,-1.7441049193419107,-2.927665090893739,-1.2321951784210605,0.3803508690773225
-107.0,-8.255314654462877,-8.877319506227849,-0.6220048517651018,8.547583413951632,-3.851188816106758,-4.715435460905507,0.15085800061163424,-2.1616257992025396,-3.2006313840104395,-4.148863947265063,-2.729971660883965,-2.614913691238162
-106.0,-8.385823265180361,-9.80208047346719,-1.4162572082869214,9.06736210761417,-3.446258163076415,-5.6496385107332925,1.3098841574357718,0.32702118058443497,2.6729100341523875,2.4590103155293885,0.24495178691187908,3.98649260049173
-105.0,1.0762992241555063,2.8948311717360236,1.8185319475804878,-1.9439034358946463,-0.41616702100284586,2.320573331460186,-0.3748745287720323,-0.8169719480762124,-1.4322235305738582,2.69759105127952,-0.08824002511425832,-1.9973628786611641
-104.0,-0.7806504673434596,4.532273795404864,5.312924262748401,-1.8453091481097696,-3.0163453439331835,4.969280566879387,4.405797532634655,3.1321905805421384,1.9628274722257175,-3.136443972298437,3.915858654698674,-2.457659837623106
-103.0,-1.5806652366304723,6.41574555666725,7.996410793297833,-2.397051971300286,-4.759658660499029,7.255589784173265,-1.50702424894625,-3.618140350351066,-0.5256940278776686,-2.915810889835613,0.561228737830933,1.5508402136846617
-102.0,6.261664450726476,3.453589449452944,-2.808075001273395,-4.923556350152883,4.563278599585456,0.2941129228459043,-4.853365945296653,-2.40847774107693,-3.5175020087173277,1.6348338535509523,-2.4931999721061184,-0.4684202626986026
-101.0,9.49183144220384,-2.976713153374466,-12.468544595578205,-3.249433375949183,10.92940332169006,-7.753671297115111,-0.8198557862423534,3.5139389016342615,3.588725448439862,4.201898655865976,1.4566042164396031,4.121564216658777
-100.0,-5.5976750912053985,-9.612538986994814,-4.014863895789451,7.6118167689515746,-0.8435372847065503,-6.850063364720084,3.664077378581143,-0.6260259279443847,-1.5093651946968527,-0.7924652868837423,-6.228862381673052,-1.6888469437674818
-99.0,-5.922466393618979,-1.388777611857999,4.533688781760828,3.664351951719584,-5.20397534048296,1.6078122121139566,0.6039863979405364,2.294584264721851,1.5681763491543688,0.07776028674403686,3.8486352357499927,-1.2581801157690777
-98.0,-3.560101214173683,2.4406204233665756,6.000721637540067,0.5739068485069674,-4.759539053955336,4.249391133326059,-3.6877634813501494,-2.0638736667059483,1.067270915962407,0.22571618123196263,0.6717950651887759,-0.722714832542831
-97.0,-1.6211018011937426,-0.8614707703980904,0.7596310307954739,1.1852101726646755,-1.1727094450866247,-0.10492490354894457,0.9492108127853167,0.1618259974477388,-0.7344441161510871,-0.8856221231302771,-1.0662534741270138,-4.541953727476445
-96.0,-0.4527737530648765,-5.022709383990998,-4.569935630926141,2.7711691275372883,2.0734711858245456,-4.771362317279849,5.965331108976651,2.0506297348284677,-1.033487636047457,-5.233984863864129,-4.861230224178128,-4.545417872706201
-95.0,2.9104276398620295,-2.581159996354746,-5.491587636216644,-0.11958746713893809,4.213493563910639,-4.006900003532998,2.386083667415069,-1.2569014411439032,-1.0249980938918433,-0.15112080691735152,0.6617633380762681,5.540290770832404
-94.0,1.1849719709468585,9.779756958453207,8.594784987506523,-5.505414295938165,-3.77354445519147,9.22406714512104,-2.733106302882061,-3.8895550122445313,-0.21107945681807005,5.561297002837653,7.368623549658451,7.6155465859751965
-93.0,9.939217490398388,16.883550598314176,6.944333107915955,-13.426637921551645,1.5051654392945948,11.879533103386926,-10.294350255769004,1.1358000444912004,-1.9325557824014363,0.42833435291002697,1.928373697194107,5.273456391722458
-92.0,6.845794757605377,8.644830712942483,1.7990359553371356,-7.757000857469578,2.5292871709315845,5.192693817152206,-4.667307667169178,0.14144224658593724,3.1072518218948595,-0.6715348434643715,-0.4124165643226425,-4.179262402298467
-91.0,-3.5999763069002313,-14.865359350178512,-11.265383043278403,9.21994442316161,3.8384568352505704,-13.093236597613533,8.169565736913821,6.458252539471127,2.740275899741419,0.7411532849701259,-1.9365723403915394,-5.861681247439066
-90.0,-17.442655397638482,-22.152830776753937,-4.710175379115622,19.780079549737223,-6.357946280648581,-13.461393274379153,8.83989553643101,-1.665416301569603,-1.7701782049125718,-2.3955804757223254,-6.085860067196588,-6.493604189211548
-89.0,-5.026043167760601,-4.613557003256135,0.4124861645043767,4.873388319202988,-2.7053912875388297,-2.0552237727784917,0.4726475028898598,-1.6728567612607814,-0.4819753013971436,-0.5980602518091411,1.1507583469758953,2.98119837918823
-88.0,6.734101210298798,10.911843111832603,4.177741901533764,-8.778077836537333,1.2999881320423017,7.587243184581187,-4.290899931446516,-2.715253794719748,0.6734089781020506,3.2419049502656234,4.921434390295452,10.035600900226807
-87.0,0.7920254979198535,1.2689467596345843,0.47692126171473115,-1.073283583032798,0.10934314147240415,0.9144961436303092,-1.3466906304934039,-3.2207752572397013,-4.002252510817416,-1.985627248906975,-1.7161718164122268,-4.285477573831892
-86.0,1.9825634309990048,7.1796647998132626,5.197101368814237,-4.63254983224309,-1.5690404746041455,6.152040416734605,-2.050321517786757,1.8852468415392727,-1.0359958346535592,-1.3717374235815012,-4.239282259787897,-2.689400229954646
-85.0,2.1369511870090734,0.5258675205973837,-1.61108366641169,-1.3119644947548013,1.838752792726086,-0.5777488203518937,-0.5952162817560209,2.5670828861586283,4.7509450908816895,2.91190405182791,1.4939466788906817,-1.90324290170304
-84.0,11.099400935856849,5.781110688530475,-5.318290247326342,-8.427317952425243,8.17600939173846,0.19633244328006594,-0.20403463858210114,6.86240869852468,5.534084869884364,1.1127496899908125,5.883646776489487,3.6863206253496514
-83.0,-5.637573803111145,-6.078725419848522,-0.44115161673735304,5.866563689376857,-2.5520564780897805,-3.2180292740138343,0.9032309273433918,-0.8669549260291944,-0.9713490389241533,-2.485437221105766,-0.9212934127020445,-0.8601366014346257
-82.0,-7.80699786266153,-8.29114470514694,-0.48414684248542283,8.055305371251972,-3.694755784622191,-4.427677631078863,2.0377732118035596,-6.325220661098277,-7.179986299435,-0.8832991586933052,-1.3365222876094336,0.5478056850273221
-81.0,1.2404464884015862,1.815385039689498,0.5749385512878655,-1.5216022246332113,0.37750165981390493,1.2303092385421057,-1.8047890108654463,-3.448423131165523,-5.316088445735875,-4.232096716930659,-4.845149695482308,-3.4851458045092722
-80.0,-1.912618030875443,10.262986424934791,12.175604455810177,-4.166973351580021,-6.999699271538923,11.25142639716627,0.09748822973652044,-1.4119262072096501,0.797040595571421,0.24793823607182575,-1.543321683377837,2.900596337638718
-79.0,0.06433659102915534,-3.2788422902711845,-3.3431788813003616,1.5399202660326923,1.668873369563657,-3.2810871612051233,4.176693973860852,1.500852757478322,3.5257360617590114,4.663356323047703,3.48459738197152,2.1423888765818995
-78.0,4.5320635656649735,1.6849704500517821,-2.847093115613158,-3.092914561718299,3.65312129151915,-0.6317034789936284,-2.4325149578213523,6.7599513460024685,9.527846456216515,7.869942736086533,6.000751616795931,2.9564630747521745
-77.0,-0.5638532689464233,-1.938338340041149,-1.3744850710946737,1.2716762419941252,0.36597696946580793,-1.7090209501671045,-2.0465875015063544,1.1046645875788137,-1.3532440177709883,-2.2409056224870154,-0.4432454756266937,-1.6436358521480083
-76.0,-1.280153444914261,-6.372941869267195,-5.092788424352911,3.8525608052909988,1.9422631455504369,-5.708868335325541,-0.10734734421542447,-2.6112472778052136,-3.689050586282465,-4.601478474165233,-4.196482773353914,-5.874967687893208
-75.0,-3.0498834819335165,-9.639381131414796,-6.589497649481253,6.375779280024974,1.8032282896744545,-8.092027634629332,4.631857981255761,0.39700206240321356,-2.300565369446634,-5.312916066278707,-2.3804289540919648,-2.39900370045318
-74.0,9.176018528729614,9.748587037874252,0.5725685091446735,-9.506128040339206,4.256367571670661,5.183147948512115,-5.209203784233869,0.6309121826065569,1.6036946686584086,1.4053481885244294,2.1982115274307974,3.8881143221817607
-73.0,4.0260589702651615,9.547844684672956,5.521785714407852,-6.829193658591091,-0.7112775420638244,7.481558824086941,-0.24439277768537204,-1.6248789312731804,-2.9726272014749133,2.4235431214801624,2.703368394062469,2.9246085307706378
-72.0,-10.252996372892904,-1.7180385283761108,8.534957844516809,6.021380163565561,-9.35155958746415,3.4399584405709414,0.4090651851611036,-5.806247565360424,-4.3064412959288685,-0.3006464687730974,-2.711398884089774,-0.2878184377681703
-71.0,-16.34601209089912,-7.723801245771234,8.622210845127796,11.990104510756362,-12.513714185543353,0.4891599045479751,5.84167650198139,-0.48807057969446976,2.2306984442993847,-0.05230406133597232,-3.500407850867854,-5.326025613640612
-70.0,1.1513703675171723,1.4764482747182597,0.3250779072009018,-1.2815925106262833,0.3890266827021618,0.8714323273414966,0.1301847707430568,2.3707859663968494,3.9586523116043364,0.5157880390562553,0.2413196962771038,1.0380244385758157
-69.0,15.931943565073581,5.627996029260832,-10.303947535812918,-10.747634027171374,13.09651705410484,-2.358617885011647,-5.654923974937812,6.981490591006336,6.327932887310047,3.1706707383359363,3.852616484214508,4.448734033549884
-68.0,11.454490785613299,-0.30447561508356313,-11.758966400696874,-5.540512455187417,11.584968572554077,-6.0459611021968955,-2.544805244570517,1.623834948185031,-1.034998462687093,2.1232148121059247,5.7523016037454395,4.684043881522803
-67.0,8.452040487500387,2.5083245728625534,-5.943715914637695,-5.520686283869909,7.252621894913443,-1.7286220487876442,0.5931086484551522,-0.9152254855469604,-3.192030143028563,-3.145311884725124,-1.7265002674093743,-1.1441241416850314
-66.0,-11.520249758515472,-4.624150549113553,6.896099209402131,8.035899854880798,-9.234559491062903,1.2039920084832993,3.4722267184136233,-2.47367810129071,-2.597080770438231,-1.7772950128174814,-3.7906367058128363,-2.3937606944724465
-65.0,-14.809446536236623,-7.9391120954021055,6.870334440834679,11.34161123964768,-10.788533413414312,-0.547532960652392,-1.140920455284368,-5.327331572893721,-4.910629229328212,-6.54385112744939,-7.201582162673278,-11.900810854228798
-64.0,-7.140843317938224,-0.6320047934491146,6.508838524489184,3.935108160421354,-6.851384014103477,2.921072774409847,3.8212848855760337,-1.3153893872746547,1.4264079541446621,1.8032763291835123,1.3735872884744134,-1.1428825427286489
-63.0,3.263108992128709,3.420022521388018,0.1569135292593149,-3.2912436629282324,1.5285308653809828,1.7661532813241565,1.8838640117936156,1.6187857221418576,2.983049008142175,4.870984605865204,5.120165005711218,9.961825438997547
-62.0,6.803999870229722,5.099527442456941,-1.7044724277727674,-5.979235062466714,4.309924672981618,1.670609863860505,-0.7029297104714454,4.11623235160925,4.088802198637524,4.946255587671917,4.738746214834773,8.514561396942177
-61.0,7.361150519064266,6.935502230583367,-0.4256482884808732,-7.175221303882461,3.869624435722832,3.3035336679050813,-8.09060578796037,0.320917179822668,-0.6843265005752848,-2.1956373828326616,1.5381750630110291,-2.5392248575553884
-60.0,3.0189733544429522,-3.2478078584846433,-6.266781212927595,0.08806968897346135,4.615074745409517,-4.710060631526733,-1.6431493390145344,-0.201693158129568,-1.2346525186089308,-0.38654715866356315,-2.864874600538501,-5.1038111723776645
-59.0,-3.3581344811223195,-6.649713649195966,-3.2915791680737208,5.057306304698935,-0.06827961198356869,-5.002014883538861,5.783579568103653,0.9855668475222905,0.03211681097006214,-3.568309845340758,-5.6703780921546985,-2.8964431911227106
-58.0,-8.975134058465997,-2.5142390400911547,6.460895018374703,5.721181705403612,-7.683176521905709,1.9426158853650723,1.4727770337991806,-4.116407567880283,-1.514718600830154,-0.4205841355022155,-3.9002833325281414,-0.7168694845482015
-57.0,1.35397851833046,2.258528836860094,0.9045503185294606,-1.8268609399686335,0.2512084119360729,1.5507820355853252,0.4817994615343464,0.7754586392573919,-1.8162304092634547,-0.7638405357511392,2.944578556826396,0.8093481159132687
-56.0,8.196296730122146,7.716289237690057,-0.4800074924322253,-7.894625715162649,4.35912614974551,3.6644756769618043,-5.006760790040914,1.7486095292541566,-0.5567138905795944,1.1256034922194789,2.704973335232899,1.1131405292187555
-55.0,-1.2972642331860116,0.2817027694196863,1.5789670026056633,0.4938546700287807,-1.4970860638987682,0.9730485710051684,1.6588628488303898,-1.3500999362867134,-0.26251202831942233,-1.2904346461886769,-1.2769845400650146,1.957392477852879
-54.0,-5.097082622333425,-8.798827514175123,-3.7017448918416553,6.935543639967435,-0.6743594825158565,-6.29164751360916,3.1386301853789265,0.5287138319787102,4.483879445763398,2.04087908408604,4.445106547512006,0.24972026101017653
-53.0,-2.5644409219444597,-9.630359675885579,-7.065918753941027,6.08387449557233,2.281630912975861,-8.395668520036807,3.5480981784916072,1.8762784136503383,1.925238851232004,2.6794936181411257,1.8768556999939425,0.42278655027048473
-52.0,11.494082249357051,4.796374846097614,-6.697707403259279,-8.162654095708586,9.058197828696223,-0.9250851558517335,-5.670745450511316,1.255096366676845,-0.3503839441878812,0.7208128508483768,-1.3939415924556604,-2.57401716747051
-51.0,-2.533186756142681,12.089505066301864,14.622691822444732,-4.801423189333127,-8.604807377222192,13.378131031076826,-1.409491924996928,-1.1530516089626706,-0.861520009398905,-0.05951477721238674,0.6977836381808429,3.879670903980567
-50.0,-9.145227255119202,7.470204756612311,16.615432011731595,0.8867084875197899,-12.818925716400116,12.064604703893218,-1.1014375190410828,-5.361727847896764,-2.686623825915052,-0.2805765176538678,-3.454474090084777,-0.21751711595813555
-49.0,-5.61235748427981,-6.596066086673532,-0.9837086023937562,6.148084829262851,-2.3251661605259093,-3.843454931064339,4.733717451908035,0.755102667428126,-1.0390545266999414,-4.950111300942518,-3.9872781880466626,-1.846392311698351
-48.0,7.863421968065083,-8.849133927751074,-16.712555895816326,0.45431621401656397,12.279496896528922,-12.74938187310578,-2.332952946306696,1.923260798132589,-2.3952888553186655,-1.5808859591915208,-0.7478161404355119,-5.107781644384416
-47.0,8.44277936400194,0.3310721420419451,-8.11170722196016,-4.427701773530586,8.266691281319432,-3.851378493077015,-3.967046810563207,1.388976849117617,0.8554282591911763,2.084240935124295,2.722152043100071,0.6338353454686241
-46.0,-2.776902687931962,2.4634822144478963,5.240384902379828,0.192958209229404,-4.0248458414263775,3.818683230031828,3.6594553277149116,0.02765943678805982,3.536663789001654,1.359964889442144,2.0801548656571978,2.4315041241883057
-45.0,-5.468287768549522,-1.85689315415192,3.6113946143977005,3.6965184476349515,-4.563517992701504,0.8478162579915353,4.90845571454521,-0.12143980162264023,-1.4390419747234087,-0.12314549350692583,-1.0629010263716019,-0.300305876827746
-44.0,-0.25969592340940517,1.9184764319945637,2.178172355404078,-0.8778881049599723,-1.170990702003813,2.0190353645208665,0.7014151217812974,0.9534909556849827,3.412973364685961,0.9582094004455606,-0.26784016697151103,4.065234021465611
-43.0,5.996049781115428,5.45819230053834,-0.5378574805770895,-5.701860776481198,3.30991432034152,2.506310807377628,-5.323661706014414,1.25176459024957,1.1810158627246703,0.9186016978953503,4.426734903999957,0.6732818062376906
-42.0,3.687457457511346,1.6662785709169237,-2.021178886594508,-2.7355758607864766,2.8165134052182785,-0.137007981191255,-3.5945577827644457,-3.0214865741552033,-1.6065265537617683,2.4301827032403107,0.8020150826346037,-0.009815517443840238
-41.0,-0.6044559179583373,-4.569923963802687,-3.9654680458444362,2.6037582456183808,1.6433486964311705,-4.312650256923591,2.412179787985599,-1.3077557451823392,-1.3219306230393852,-2.1201299379018046,-1.140417451591551,-0.6991459109642051
-40.0,-6.4065316545298,-6.74303102673842,-0.33649937220865733,6.591792266910013,-2.9912214213511104,-3.5121776944234466,0.9320740722123122,1.9261891319799431,-0.8593994393197311,-1.2286338120878662,-3.375213364707599,-2.969513206330266
-39.0,-12.270030531280272,-5.118962732779271,7.151067798501021,8.71725994181794,-9.74313632187815,0.9602712454289555,1.9834579367173801,-0.6430509906631864,-0.36362449296040056,1.0366837078746909,-0.17092651695883787,-0.9720616395650024
-38.0,-0.5188846426676919,3.150573810497579,3.6694584531653245,-1.282215151770321,-2.0466585577563197,3.4308050374209027,1.270081842823866,1.2811716273645817,-2.997140655143718,-4.650478498784974,-4.6156776821706655,-3.104128649783303
-37.0,6.883955782170964,3.686018091951416,-3.197937690219551,-5.316087835915769,5.009426491348394,0.26550504397333485,-2.3480604045847313,0.14815510334539417,-1.4397158777532366,-1.8624727125348475,-0.7621643409454165,-2.294998526762048
-36.0,2.849305238877103,4.024813873857848,1.1755086349807322,-3.4541059633000253,0.8036318058513578,2.624961608680315,-0.21987233682570428,-3.661911471833859,3.069146211011358,-1.1501116134173,1.097123373850353,4.141141955665883
-35.0,9.193029325030357,6.260166226563475,-2.9328630984669184,-7.732727817772973,6.10616829681766,1.614836703335144,-0.01178289102475083,0.9268251425010838,4.628433573933357,6.045291555685064,7.676423042629815,6.0999168146257325
-34.0,20.01308284064206,11.449390747161143,-8.563692093480961,-15.73173195181228,14.251495336715127,1.4784093899316109,-0.9551883042424375,1.7369612116612168,1.0011361524352256,4.63247261584528,3.4394284464965192,3.676336193461347
-33.0,-20.07177597465735,-7.144112514365309,12.92766346029203,13.607311755201238,-16.45701836887775,2.85336956966517,-3.1466658830533265,0.2607698075428202,-2.068942780524683,2.9690030982056683,3.45234536060845,3.527779519272478
-32.0,-9.276005600694138,-11.009308801629189,-1.7333032009350733,10.137267502345802,-3.803749220300343,-6.327924545268388,5.322694416209043,-1.3202897857964528,-2.3316709577998784,-3.6684458218383487,-7.1416093900151285,-8.209188787305932
-31.0,-8.69422116748413,-17.347405734268577,-8.65318456678445,13.008284560208988,0.0317945279516465,-13.034566744333775,0.7379938494065621,1.9015255148654386,1.4498382589921799,-3.138735824702665,-7.515178793604666,-9.574407253246582
-30.0,9.715921443453098,6.536594389894103,-3.179327053559007,-8.067094181018383,6.427897153434006,1.6440576899303991,-2.425309991534129,7.074329785155973,0.6844675104538682,-2.2325700040517638,-1.2262700157920596,0.2865061573936263
-29.0,-3.022983569949294,1.6218904354159092,4.644874005365225,0.6758349018583725,-3.848340915520826,3.176846865018855,3.439095927346017,-2.251047740563147,-0.9942631660049406,-2.1660288231919242,-0.33421829162647865,-0.3735227319410259
-28.0,-3.7801545301649084,4.010369344643094,7.790523874807992,-0.14230269237968596,-5.7978046631004325,5.943770177188318,-0.27302917370370083,-7.09575135640357,-0.6757611938599803,-0.17334258179833417,4.485740421464937,5.870217259700921
-27.0,4.609459168434737,6.783214074498502,2.1737549060637296,-5.645130444427895,1.202871548606528,4.443993079316454,-3.823933227405524,-6.263562621813156,-0.8315273719148831,1.3542913857189998,6.136762979795632,4.8031593654867475
-26.0,9.714511413199883,7.600654490144802,-2.11385692305507,-8.684740267006848,5.971139664355911,2.7108060739071016,-4.83938992645461,-0.6804585752774335,-5.547530855318351,5.1487067878059705,0.9298675558399938,3.256074926670963
-25.0,4.558149261695093,-2.1738008702229568,-6.731950131918057,-1.219938194141971,5.6135147360406386,-4.404417223570718,2.714869121563394,5.397697553856936,5.209973547768319,-0.46156184780240084,-1.5715485236626676,-1.3879763072873463
-24.0,-0.7241363164398043,2.894576466502837,3.618712782942647,-1.0372650474550849,-2.2134363906124968,3.228359766507056,5.0035662934282925,7.28829544125627,4.563549430889461,1.1693182304254588,-0.3906429241079937,-0.3174362942338349
-23.0,-11.37744142850755,-9.136306906247741,2.2411345222597836,10.220008772024093,-6.7813790587350615,-3.474740658975847,1.7789281840102116,0.7104280614867902,-1.4273902523956448,-3.632591805160833,-5.98914030820632,-8.516703643419628
-22.0,-5.6851770216915485,-7.501172611790419,-1.8159955900989173,6.626446462808307,-1.91202598871008,-4.60711072115538,-0.13485601363859878,-2.009692387554964,-0.9639204820037577,-1.6735327567115599,-3.4342731329780367,-3.905779304338729
-21.0,5.182392145419152,4.286588921061839,-0.895803224357345,-4.789507362254517,3.0604669347908127,1.6665356581335713,-4.463602308305169,-2.8211092543636083,-0.15343500640860852,2.0994982304589613,3.390474351060843,4.737420099199374
-20.0,6.682411928179781,3.549896832540404,-3.1325150956394143,-5.100477006175857,4.931098669647969,0.2554570390193828,-0.824457042662539,-0.9695245574158116,-0.43182811814976885,0.9990965775922724,3.8411465202102435,3.2529126488985884
-19.0,-1.2119543527360488,-6.461746739918006,-5.249792387181989,3.848486456109917,1.9679582525717978,-5.892349632161901,2.000588620835309,1.0514582022310197,-1.7738358999300874,-3.8050770688383473,0.20528116576075472,-0.8166794266318478
-18.0,-5.429086831357566,-2.7603814425491713,2.6687053888083705,4.1081359747262685,-4.095368273206866,-0.08811051723166091,1.5247010645268657,0.8371919235812483,1.8237100975623728,0.14537787904603228,-2.222823474243546,-0.6350764143685266
-17.0,-0.015809635459613114,2.0220475089904486,2.0378571444499984,-0.9818357765992617,-0.9904623598235536,2.0603699238666087,1.9432047866782516,1.8850335252373716,4.328109956614638,5.688406680969731,4.441124066445346,2.3667965875668795
-16.0,-2.1596925660115702,1.5097241783845874,3.669416744396143,0.28003429245512734,-2.952951303166507,2.6144807493398687,-5.040662762177636,-4.278963089608258,-4.5273190554092295,-2.3245450845813616,-2.577061143338012,1.4159405009985842
-15.0,0.7076553051929203,12.12237039526333,11.41471509007042,-6.367034498629294,-5.3085329447125815,11.789282341344812,-1.9428234525866743,-4.5479934098738255,-0.7525715104965596,4.9694408402332115,0.8439489092627779,3.178632364995704
-14.0,1.3929086341554915,1.2637603856691517,-0.12914824848624384,-1.3469324941967469,0.8117232010938407,0.5068473730006473,-1.1586049921658073,-1.9670074951713101,-3.420803531400735,-2.6411342649153164,2.0476780444865454,-2.3478699797503433
-13.0,2.0488339706529257,-4.350773977791398,-6.399607948444224,1.1392480919925223,4.202323458727233,-5.357679557065991,2.778031916051691,1.8855543353166726,-1.1815553394674652,-4.403753718601273,-3.542754107413228,-6.694018427019909
-12.0,14.117042411706528,-1.44129867857065,-15.558341090277205,-6.3499306405620874,14.820904592551464,-8.481783602337917,1.1882414268517156,11.572551319751762,1.597643433456525,-6.339873241933017,-4.62132508291852,-3.2533603422097137
-11.0,4.300737442409973,-1.3696036417341926,-5.67034108414431,-1.485098209645917,4.971118366637939,-3.5006003234857967,1.46744232371114,9.80141619797119,5.895754901802669,-0.8064793769594463,-3.7742414543400282,-0.17803773657063848
-10.0,-17.1818201665622,-5.7246947050144374,11.457125461547498,11.49993144697505,-14.335240819463671,2.808539147438173,5.578189339500479,-5.162947879373995,5.4330994523801746,7.817458969110856,5.229614747816155,4.528285707422414
-9.0,-12.824724994283638,-6.133380263022278,6.691344731261122,9.43276815203024,-9.778551777779088,0.3018869057948781,0.3440576462134576,-9.103219658550916,-4.077456797568053,2.880591061946766,3.6713086084364086,2.762948663500136
-8.0,-0.6439324722424136,10.036076414986752,10.680008887229326,-4.675790013388753,-5.610410879263177,10.382945592694062,-3.913205991665808,-10.641946604577246,-4.49482399065862,1.8689079530165356,3.4146107322410777,2.064821319175467
-7.0,9.331839968248717,-2.9623719089089118,-12.294211877157178,-3.1717952302639527,10.779189085559583,-7.679751714294727,-7.415500326489093,2.167760569212648,-0.6826910384029099,1.8616109948273116,-0.7713380840065808,1.538941450070635
-6.0,1.1922250996011057,-3.5215447080351185,-4.713769807635758,1.1761520034417012,2.9928402942694214,-4.08740659474906,2.4939228098019255,5.359304533448374,4.972463506987309,-0.45479791344650755,0.203760198686191,-1.6437466884209186
-5.0,-5.044992942986665,1.86348715383879,6.908480096825759,1.6056899091723347,-5.939829943163459,4.419680535677976,1.404374069167429,-4.662878805276921,-4.3630194935945354,-6.2251576040374985,-0.06792308460636942,-1.4767980271391372
-4.0,8.02729037323694,12.210936466337909,4.183646093100795,-10.09845109453304,1.8787343177167832,8.155705881723604,-1.9643345967003762,2.249094873333296,-0.11782297603983544,1.1398097270477603,-0.2617320196638262,1.1499266920766402
-3.0,11.325067130493132,6.624548222228281,-4.700518908265188,-9.028002294414005,7.969250337172387,1.0019528416697079,-4.414977985442194,9.728572024919746,6.848585408568632,4.401144364090058,-0.9728985388933487,-1.6579030795633343
-2.0,-3.7385689397378155,-2.607806786533467,1.1307621532038128,3.1217459868706383,-2.399769133846011,-0.7758959843908636,3.1939475379103257,-3.536916787675948,-7.8267415236724185,-4.866684917183471,-1.5248194875210221,1.3422865004606561
-1.0,-3.2745745791961323,-8.514515402156093,-5.239940822960355,5.919845412976599,0.938689822890546,-6.914731534211576,3.90146364165639,-0.7790587004551726,-10.384612565416443,-10.306778003303066,-6.870579008732225,-4.1697386641871965
0.0,-0.47700312904262354,-13.381994444556796,-12.904991315514213,6.950115340657099,6.249347201151486,-13.103659941226681,3.609415998068025,0.358144971819081,-0.004301723014397574,-1.5305092279617525,-4.188254741712752,-5.305071253424719
1.0,-9.76600605428854,-11.45045081861793,-1.6844447643292075,10.623481153345253,-4.0035440688443025,-6.529720156118334,3.8238015706340693,3.779886262409039,11.84327878972492,5.113777312368686,0.23850217546220742,-1.8556385082154585
2.0,2.9310991871940697,4.085627005976612,1.154527818782967,-3.497324690658007,0.849904780429477,2.5767902302429455,-1.114218475546173,2.2628206888019706,7.23262101627751,5.453546972325006,3.293321000911654,2.131881727199806
3.0,2.873341291993783,25.828927311235056,22.95558601924158,-14.34224790729641,-9.997216983490107,24.425509745502048,-4.359727359557439,0.024752339171341564,10.168135604523203,9.089915991225075,13.366984719931196,8.565595648872934
4.0,-8.874497007378679,12.039253783999518,20.913750791378284,-1.5736727764695289,-14.926402071011509,16.428742839329395,-1.2457327603241328,-7.995150961872123,2.6931199456909067,11.611544603665115,10.95816758456496,11.153839677221018
5.0,-4.0493825036376325,-12.726123462432561,-8.676740958794856,8.3189000624844,2.281717015160467,-10.673011008954688,-3.172976752603066,-10.664398649858345,-18.945750933422406,-8.413159768415694,-4.718230910023038,-1.9975448639902282
6.0,7.90199628130196,-16.977112856301975,-24.879109137603812,4.549593624675104,16.434851034999156,-20.902759277215036,-0.28412383626068194,-0.6449492823772371,-17.255447289409904,-17.44319222169041,-14.731720356324072,-10.835943667392634
7.0,12.932066349327398,1.327530494618367,-11.604535854708898,-7.114526297786902,12.2290614452184,-5.195455270468093,-2.7874538610485073,6.226028993477185,-5.01335666894003,-9.161623574407372,-8.161512518428207,-4.15197333000669
8.0,-3.729657994959294,17.278061859774738,21.00771985473396,-6.753977067970532,-12.334794676607208,19.160932959883866,-2.9756969585801114,0.0895640827915054,11.862205050162304,9.474592900032015,5.792341956079207,4.928587760263079
9.0,1.1767186264250624,1.8256974454159578,0.6489788189906314,-1.5525017066369566,0.21451736920888997,1.2519289875259934,2.2482566101697645,10.196630744811362,18.9540729684561,9.585386024460833,4.897794329482125,1.5036203286116894
10.0,2.292436166231707,-15.600376378032326,-17.892812544264586,6.6908256037265605,10.120351645817397,-16.734560536144055,8.771804204084201,9.629772437379149,6.060234073028321,-0.4434763479889279,-0.5011221356873019,-7.126403872543273
11.0,-2.9538757376711766,-5.334699411552566,-2.3808236738816535,4.191525641674133,-0.2568899508853017,-3.8468472427422835,5.42478959999754,1.9081062090667804,2.4548982776312727,0.7030917190561401,-4.879124231277057,-4.1906483306452476
12.0,-12.634203555873238,0.07537304641754217,12.709576602290964,6.257078153093721,-12.637375228401748,6.325398822715866,3.1765527857037545,-12.88325812729417,-9.41467849218052,2.2266469593104254,3.8434446435171727,4.302208517239712
13.0,-12.085573214049148,3.7488039458642946,15.834377159913936,4.1514477387882,-13.998159579241342,9.80620505284406,0.6869402188786218,-14.43386472272508,-14.134422733275843,-1.6526890593426233,4.821829365652551,6.529607403403095
14.0,8.428219356713502,19.850652630710393,11.422433273997262,-14.156678135067253,-1.5303005147228097,15.656274584157375,-8.944275251206157,-6.787469682704471,-7.354585497984261,-3.8029570818053844,6.468862409572392,11.770498913593483
15.0,13.776767248195569,0.637776560260912,-13.138990687934747,-7.230887272836565,13.426914154428353,-6.22416917186202,-10.252151534560298,5.176663311186263,-9.120160156558548,-10.046532276653881,-7.654411127480154,-0.17817853440081421
16.0,10.110841878162876,-11.591825498821521,-21.702667376984838,0.7847650388774925,15.953480203461634,-16.613813218951726,-8.365774460173746,15.809929911495065,10.215166140270316,-0.30003254289707737,-4.665322573367269,-12.362831968847354
17.0,3.4498592250881215,-8.647818368740753,-12.097677593829616,2.5522845563388112,7.816852603904275,-10.412482479304355,2.490291171309903,12.326846128761641,17.5418108943177,8.796537488962882,-2.234491532569535,-5.662266864865072
18.0,-3.5930392067285966,-3.2406107422345274,0.35242846449375076,3.4389733202291706,-2.013071066947776,-1.4810274223818682,7.104512470565048,-0.08945600346801807,7.340532553126447,3.9262887464152225,0.7256846521304186,-4.716605536298831
19.0,-9.743879110944295,-3.1840932801401105,6.559785830804568,6.481479054711856,-8.195996321395251,1.6506171120036792,7.550765470767524,-7.523819334305464,1.2779449219184,-1.437488871008811,-3.689752574258759,-4.256602256663398
20.0,-17.81590942668033,7.533823991360886,25.34973341804197,5.160283198555016,-21.549526601646065,16.480869948333183,12.356508123622856,-13.300609809992554,-3.198371915846305,2.199609763675333,5.04199097589475,6.751079534291503
21.0,-13.761839294272797,11.270392239650732,25.032231533924175,1.2720487715330653,-19.3614921674592,18.187521887752126,3.6087698140138125,-15.702773289839294,-11.328584331524404,-0.46619149486739997,2.3027358729517897,13.802107839018236
22.0,10.190228310315046,-5.304597539306554,-15.494825849621222,-2.485688653187517,12.805006621061525,-10.365334974432816,-6.204549445372465,3.881006678931705,-9.393318378343693,-6.853156768913171,-2.448664265450021,2.3949564642533216
23.0,16.38575994339236,1.5979560462383038,-14.787803897153982,-9.026278561780664,15.635812007808164,-6.639471325030996,-13.542897190022334,14.87121530278544,-0.711685156232317,-0.6047912594884233,3.7384709720863243,-7.092313163309662
24.0,23.280380218023975,6.59690532256967,-16.683474895454474,-14.889893707434176,19.9599369393556,-5.0867544836120855,-11.865345399672638,15.525268693858518,9.044822278778017,6.272936539520829,3.7936954145839707,-1.3850401040284233
25.0,7.582993470400204,-7.997520731677597,-15.580514202078197,0.17634412729172055,11.565141260172739,-11.752492365512053,1.5419277841103645,15.811606717800702,15.300773423795283,4.265152583084175,-0.2447159161576229,-3.087818357333357
26.0,-6.650605558107326,1.100444485915177,7.751050044021786,2.7385602474402013,-7.215914947133228,4.46240806003244,6.389945122349926,-9.10170451807836,-1.928743616273998,3.738475377691703,2.477976116551858,4.994782378976663
27.0,-24.62992694657533,-7.2514023422968386,17.37852460427749,15.974841967088315,-21.02177433708618,5.019467443473544,8.36246736028932,-24.476639153276178,-16.742171514978182,-11.211433546002658,-6.321546835354564,-0.7655396073219194
28.0,-12.438662260796644,5.72152248437253,18.160184745168237,3.3851321539211465,-15.243404329511186,11.970958516706123,4.286755919549282,-13.510457112106822,-3.3231089463774834,2.319511386507717,4.951250538045564,7.374169652904174
29.0,-4.8120269425133,3.0205158607827904,7.832542803295842,0.9176245777709799,-6.350771925447491,5.371293487423722,-0.029780933329285553,-3.323174698213772,3.9456272056853767,1.723425278688687,0.027505057220691242,3.538339716764625
30.0,0.8264865199514196,-8.233655804190922,-9.060142324141289,3.6462444315202474,4.910694877563494,-8.63055074131065,-1.5200579977112363,9.417882251335866,-4.493949987908745,-12.541599193301014,-13.996542668221775,-15.537478431920476
31.0,11.045467870128629,-6.27239178668639,-17.317859656813674,-2.361432214903567,14.22670213880574,-11.78444614011422,-3.9521738905827526,7.38573928095661,3.5330111047496726,-4.745669931367506,-8.849555371130071,-14.004864355062523
32.0,17.766708931902976,2.7275087616677234,-15.039200170234043,-10.21533442798626,16.450020056088032,-6.147338519368433,-7.405830616449078,12.531181620863773,12.415894049296341,6.903926300389432,3.874501046034582,-2.025333815674734
33.0,12.347085169591978,10.710914882145039,-1.6361702874463795,-11.568042018525393,6.96378835325452,4.548398301431847,-0.7408979669806248,7.515452185292739,7.426486687151032,13.930062735010008,9.23920604430629,10.024229432685418
34.0,-6.649023995635192,4.764300224803047,11.413324220438,0.9109269528666388,-9.05545931613967,8.10699774554018,3.324278092766571,-5.269327992767301,-2.0892912903310528,4.362338908641124,6.511289197452347,7.231539481486908
35.0,-18.324296616129356,-6.342533084019741,11.981763532108733,12.38701994302729,-15.176005013941738,2.7695972644896045,2.040009261812413,-8.905770931289318,-16.15905069025225,-6.370133003859668,-1.134330305810769,3.2442576969603936
36.0,-16.972859901018353,1.9482973788038793,18.92115727982117,7.491885099748057,-17.97186569021952,10.475404884670981,5.753053530433067,-9.363683075128336,-22.09774226876626,-4.580807330721911,5.4385520576784545,11.108369098755675
37.0,4.864288842410195,-5.045605746914515,-9.909894589325383,0.07383338720635191,7.436253735097848,-7.504552583101911,8.416509986563613,6.483775031394757,-1.8132081959027726,-4.217251902155098,2.1675673059614944,4.239707530388917
38.0,5.849130555283713,-5.9221070979118515,-11.771237653195769,0.02259534576485578,8.853076913697063,-8.864503961063102,7.63087984256671,9.189262783411857,26.689056334712042,5.979351683106326,6.105173349019879,4.478049478141409
39.0,15.017638294135176,4.874330053186369,-10.143308240948324,-9.87859871074845,12.538471624760653,-2.646595047165073,-10.690635614270676,-0.6970727263788232,35.19503925077681,2.8913248620358907,-6.546919153749315,-11.75644949989452
40.0,10.776121619057736,3.848954480923718,-6.9271671381335365,-7.322173580209115,8.8050999225716,-1.4703622716712514,-22.86528238600205,-2.5421539435649483,16.54401518095227,0.6226583944914146,-10.107294364123458,-16.39507973557022
41.0,-1.3643131611900121,5.277445909729584,6.641759070919946,-1.9662470926779763,-3.9728382080343074,5.947979950445019,-20.57416584844253,-11.985421784127734,-35.968918731362635,-8.343944141060135,-17.34370656533296,-18.264325242026693
42.0,-4.821528922740697,8.722415436866386,13.543944359607101,-1.9630035413182387,-9.151872141492992,11.116263826642406,20.58918701883185,-5.996432949989813,-36.12244560679156,2.1364942651250387,4.826433158141826,-0.2443971475197042
43.0,-16.643107234916837,-13.807310876371009,2.835796358545732,15.206486732914444,-9.706015502627215,-5.511363036894905,30.316261830080833,-1.6353312855806852,-24.396128051855506,-4.632140527600534,5.535985562422384,16.035307428011752
44.0,-8.06528388935676,-14.416170300062937,-6.350886410706387,11.213202487694023,-0.8995004545125287,-10.341686674067912,-1.9376634132520358,12.477103224533288,7.644313873769043,-2.296849154273576,2.5778665704633896,10.915479650494547
45.0,-7.097699127841947,-6.639758503740559,0.4579406241011863,6.910187797172926,-3.8182298906147847,-3.1402950159690883,-15.228877740633758,8.796428326997415,33.69869574643579,6.159266184513445,8.320262004723926,7.4105123120580245
46.0,22.587273294532835,20.34941279649042,-2.2378604980424335,-21.43548559109168,12.45074375900603,9.073442600815607,-5.7227368606978155,8.762198304915877,34.4450338045869,9.533970581028864,12.267667378537386,7.2931060947239095
47.0,5.52245169263602,9.982368302837695,4.459916610201752,-7.803946672814149,0.48858593433241104,7.2299383364015135,6.616273141518778,0.5015419104002818,-2.2794295313309156,0.7685989176868215,-2.4836406984837884,-4.535828327357622
48.0,0.7707875176857142,1.797518481153614,1.026730963468005,-1.258782545383041,-0.09492299758767819,1.4164441879881546,4.265348935375618,-16.702737577987484,-8.357309474618447,-6.115491679430778,-8.808307751501882,-6.737175618476959
49.0,-8.055844296197135,-10.77991186043656,-2.7240675642394847,9.444884735134623,-2.6353612422702035,-6.747144794774103,-0.2813545189733136,-1.784469067354454,-20.080623006731393,-3.633727364160691,-6.204745108125678,-8.002138671203493
50.0,-1.5544162908184842,-7.635208620200064,-6.080792329381767,4.546882200404694,2.2140703267034434,-6.848146310957645,-4.619651523751507,1.3310442033475764,-15.843603746801332,-2.1365129981112534,-3.9101370805993882,-7.112908864009765
51.0,1.8506005834432018,-0.11221655612859127,-1.9628171395718943,-0.834188426056329,1.9374765757904358,-1.0195670234997882,-4.3887717316137005,-1.7242986149076556,-5.371279601871729,0.2962460308789554,-2.068568120565404,2.409948994509671
52.0,7.688911442510719,0.3955654785335623,-7.293345963977002,-4.08315271602627,7.524669319551226,-3.5002228696282565,2.683577213018078,0.0998233979005187,11.396699048244319,2.035355806115995,5.297548646145945,7.82442159978541
53.0,-0.9416297755281908,2.0684881632852865,3.01011793881366,-0.5252532539991888,-2.017569148249664,2.497370071107354,1.3238435393896666,6.143480716758965,23.0894639575661,3.093492794817794,5.841610297313048,-0.033305415281144946
54.0,-17.009762879501928,4.638457538481998,21.648220417984092,6.1426313358461,-19.367332884057227,13.188602696324669,4.44553157531537,-4.286080075276393,-0.5050890979509433,-0.752918236940417,5.614607642603245,2.3497507698219158
55.0,0.03768300523127177,6.846099716976752,6.808416711745577,-3.4108611273902456,-3.342238045362338,6.879516519330956,0.8733569170025,-1.5815496270060836,-6.927268640436257,-1.3069358041142731,-6.794443737160885,-3.5579431311723244
56.0,10.869913163466158,4.451649149678587,-6.418264013787596,-7.63556145408017,8.610615274863632,-1.0047577623428023,-4.019882288237394,0.033736149123996584,-5.4499731443892685,1.7364530903723865,-3.7346875932272265,-0.8605962597956348
57.0,4.159470399036625,-3.5126646593784914,-7.6721350584151935,-0.38245098284772805,5.962992002264641,-5.611466083378895,-11.168626876699646,5.415329888283322,-1.3259107706397781,0.9954891918645139,-0.9788794303558381,2.9625205200343068
58.0,-4.122842192698762,-12.284090185254003,-8.161247992555342,8.219252014856892,1.9895109528961612,-10.242733609176184,-2.0624830727967587,2.5572043872680563,-1.8104472868280101,-2.3060187341651286,-0.35483282509829006,-0.5259794482596905
59.0,-1.3083976849197154,-10.354674553756219,-9.046276868836642,5.845863632997753,3.9195899209538836,-9.646502511526881,14.477151221578929,-1.5780627338572495,0.39168008034873103,-2.6862210856427864,3.4694195457201493,0.073566159940478
60.0,-1.143311304217236,4.309424635964736,5.452735940181899,-1.5676296252479727,-3.325410560928943,4.84830321761386,11.888938817542321,-1.6405916360395807,-3.1039609504325103,-1.5649299866537343,3.561932124391127,1.8816755812583947
61.0,2.794217790785267,2.2023060295970347,-0.5919117611882161,-2.479940783223138,1.6648919672762283,0.762428449884887,1.0961174439378567,-1.2969669105726704,7.451888040230911,4.667729282387079,1.163338680993282,0.9217840386690885
62.0,0.4155751611936836,6.7164516046719385,6.30087644347845,-3.6231554962626635,-2.9733373433420844,6.534593513659859,-12.493050788840142,-0.2773594428409163,1.4729441071810623,-0.012582709037526119,-3.273584613736602,-4.282067844388914
63.0,2.198528071659655,9.17668248595167,6.978154414292188,-5.663839767092015,-2.3456803447803747,8.095217987400797,-12.594467586534034,-3.662980006727345,0.2484615401527024,-0.8207307388377365,-2.2959275484551873,-3.4571443620254785
64.0,-3.0770172717743263,2.60161170985905,5.6786289816334,0.2614409066765302,-4.338393685056607,4.153004833382145,-2.129309111894803,0.8761409612389435,1.7451812898305872,2.3867156112251635,-1.2205790079385477,3.56984216073234
65.0,-4.108148829172599,-6.629111305854661,-2.520962476682179,5.311215692539897,-0.8377788862249138,-4.563776192420539,8.86573050546447,2.439015569965651,-4.554173242998254,-2.096884215187571,-2.8401019281033757,-5.468040309733179
66.0,2.0026568892653307,-13.927437303818742,-15.930094193084253,5.979691127270318,8.9962819884663,-14.91697061111313,7.042714278302123,5.098439332068712,-3.697007940474584,-1.912846542517909,-1.3572785717818217,5.372930588988755
67.0,-0.4486605369376127,4.568447490033831,5.017108026971226,-2.0468697129475295,-2.7859895693139394,4.726744952806374,-1.7064034408746682,-1.9454369082256227,-2.7503061526429207,1.4457303556993675,7.854908733327303,0.7549436052235081
68.0,5.081028405837832,9.904111652092627,4.823083246254646,-7.482557744980404,0.15095115895021194,7.376047368552779,-0.08688973538768696,-2.9953265748123394,3.853105627861526,2.1456878412157576,5.101008364902901,6.5282368954706085
69.0,-4.502083254977354,-1.350379969470704,3.151703285506596,2.9355941528623095,-3.8076542048762625,0.9109212694191593,4.218610817784533,-3.9228042780691976,4.950541950569459,2.3779537952947796,0.7879242674881377,0.23214613213238344
70.0,-9.152945731951629,-6.5412016417922665,2.6117440901594753,7.858553829742147,-5.864463046098527,-1.958287636844759,-3.6659257296590315,-0.7073019381386594,2.804551642967887,-1.8782019615137635,-4.190437332436686,-4.859906194466285
71.0,25.44417264464293,6.990217425696005,-18.453955218946653,-16.279803360155384,21.888741877417548,-5.72980351961535,-7.617844335690069,5.68170300226347,-1.7289069785293703,-6.422895113914363,-8.019022487192219,-7.9049549905046215
72.0,-6.945176249672173,-6.799058569330812,0.1461176803417148,6.894871679711069,-3.5242456826209594,-3.327953659929631,-0.7486352313877132,2.0972705039813713,-5.196770609698848,-1.6061303362498485,-1.9123125990692222,-0.7780208045273134
73.0,-10.010687874242391,3.0107762913755476,13.02146416561817,3.5305325346849767,-11.488861547181932,8.013159963908947,4.704330889247959,-0.627687370655241,-0.6315172129530109,4.508596763423371,6.401028508771336,6.028036673286932
74.0,-9.581371395465268,-1.7514845539218071,7.829886841543485,5.626459762430662,-8.748419393275718,3.037600759793681,3.799733409658135,0.5229977687863396,0.9970546172002852,2.2764088577182564,3.2441575989031497,4.478670001741435
75.0,1.3646626829147657,-2.66791522830534,-4.0325779112203355,0.6980547502933401,2.7457941182884644,-3.347562616833428,-0.8494811653295007,-0.7083592629124656,1.402622117113658,4.60366815027227,1.3560618679628167,3.395361578191727
76.0,-7.045474316438089,-10.37556538200899,-3.3300910655712883,8.684254791609707,-1.876731486704465,-6.8435726653662785,3.9135141410747747,-0.1402879110458346,-2.3506936761036714,-3.6974366283199758,-8.889551534113338,-7.066920893042743
77.0,37.74455486403579,16.977664970709426,-20.766889893326827,-27.383892330084947,29.248780706369196,-1.877731077512693,0.4570383491500722,-3.126750612462964,4.1401690148772365,-1.8254519555487767,3.244633429993093,-5.549322403701786
78.0,16.220521316557406,4.389401523178328,-11.831119793379415,-10.248797661981275,14.02843347261747,-3.7755723914458463,-11.28377871286228,-6.638233935450853,-5.269776067741688,-6.5134827735755145,-4.5027266981064695,-7.59983783998992
79.0,-43.0241366219768,2.184732096144363,45.20886871812107,20.39381949365643,-44.1089284431625,23.726111915349335,3.0440407046769353,8.308584762864047,8.798986721418748,8.791905366054952,9.661384205260301,14.047603852941752
80.0,-3.5201208365787853,-3.1129184483017953,0.4072023882771152,3.2843296257394163,-1.9572592615314726,-1.3210638381211144,-6.006041439408473,-2.8353497423527547,-6.787296212533814,-4.843466099235525,-1.9392174600897119,3.458009348381342
81.0,-3.0521849893696924,-6.925085521958544,-3.8729005325885746,5.027090740448326,0.40886995485521993,-5.446398766130976,3.2309084734737983,3.500227188548794,-3.36582236505823,0.7212517577298595,0.5325514538291709,4.239396619716791
82.0,-3.0345403510219775,-6.372859400802657,-3.338319049780281,4.655248734280846,0.1365154291762054,-4.826873520638,8.374550936619901,1.8003512483637085,3.6420778001453793,5.582528293855884,1.6326928394834945,2.4149050161390586
83.0,15.031439398825638,7.980738784644322,-7.050700614180887,-11.482200530292886,11.007953979131416,0.41174326909583403,7.236687820423532,-0.4292504704312401,3.216938268892972,-1.6836836551768948,-3.0577891990468085,-8.274287578032615
84.0,12.702537605063092,0.8749369830016627,-11.827600622061192,-6.768287814218576,12.292365009913267,-5.45270982568863,-5.251558248834591,-2.685835263138828,3.068027539986547,-0.5138099183884095,0.2001970131812696,-9.473425564959829
85.0,1.3832630925082414,0.1622733786870958,-1.2209897138211474,-0.7526231893022679,1.3141321313721885,-0.5044127603737112,-7.355235600805199,0.4034788795762334,-4.50313595232035,-0.6295865927632223,-5.185462467885711,-5.493661724187853
86.0,-19.503703417004097,-12.871057431893743,6.6326459851100985,16.209420859288777,-13.06535269157984,-3.0888996959093955,-0.44690499181564647,-1.2924553833965813,-4.080156170049198,-3.332508722853144,-1.9483677636100594,1.4735373726504868
87.0,4.9183980221610195,6.576498479071151,1.6581004569097493,-5.801566106987444,1.6315286664418798,4.077764105756988,-1.9210441581601672,2.287232727229309,2.974502290763266,-1.4139738840388771,2.88134670004509,10.834597568309396
88.0,3.585741370008535,7.661947280125497,4.0762059101165855,-5.675901296527357,-0.23773254463379967,5.840225038835665,-3.8898850312494813,-0.7368356475672884,0.33391502407881474,1.970980958156452,3.9789722434903574,5.750692655074132
89.0,4.495309370124789,3.981254763761174,-0.5140546063638753,-4.210374192171686,2.5240420944584048,1.793402035376837,7.50526793226199,1.3801376458445045,1.3047107644434637,5.550671687487637,4.32015665645236,4.952048035931402
90.0,-9.82222214903709,-6.4536510958034885,3.3685710532334765,8.166816790032815,-6.640011414234483,-1.5549806135587212,6.094455973803303,-1.8132591794264956,-1.9162573892292545,-0.5275338559728189,-2.582933512007464,-5.572334249103106
91.0,-5.294234722274938,0.01988626337575683,5.314120985650736,2.667721431891655,-5.3340990977322384,2.6557660049068774,5.559863460008619,-8.190290640383928,-3.8187855560103645,-5.935700580319168,-1.354213883781576,-5.507478309803237
92.0,1.9962202914308653,2.408606797659471,0.4123865062287764,-2.2477122725865706,0.8528967462848229,1.3946261740362966,-10.025346407958011,5.999109617963477,0.3015961098559141,0.5806408615402021,-0.8149024983621298,-3.0937909942448893
93.0,7.650098592544254,-3.5165538592595897,-11.16665245180352,-2.0294411862608923,9.398665860801062,-7.366738449982337,-3.2240340174022357,3.304064232157562,4.145059497739693,1.24396247141356,-1.407240788013786,-3.045659024539123
94.0,10.33768216206622,-0.2060854228759066,-10.54376758494192,-5.1033505761810005,10.434431587837516,-5.332455369024079,-3.0742329866052365,2.7478366559050755,5.7468273533973955,-1.0306401508223648,-2.01474724304399,4.766088785270231
95.0,-4.802723392633236,-6.869270915772851,-2.066547523139617,5.879766492090699,-1.3752371264687966,-4.513699177117953,3.0666295966346477,2.5917958462739104,2.5805773333503685,4.0863224502417586,2.602112301510635,2.603156096798796
96.0,-9.891928990222182,0.9515297136943999,10.843458703916344,4.435483217659196,-10.378839114706501,5.925659572423145,1.6222174658701827,-3.5395598830665778,-5.659372034728988,1.874604162191061,1.143226751528512,0.31393834929268083
97.0,-2.8598715521189724,3.81559218516111,6.675463737279787,-0.514906132084233,-4.784374070783095,5.275108889001853,1.8100813604809753,-5.074669215630512,-6.468010648538723,-3.7691688451243297,-3.1311325763362894,-2.3310322182921155
98.0,-2.1606706937017854,3.5698495460295887,5.730520239731236,-0.6672119477448722,-3.889142664967811,4.686631693525602,0.5057865876362204,-1.8665385236592282,-5.209654792552266,-1.0993277523932183,0.09002719422842309,-3.5110337537042775
99.0,8.321877275445988,13.344441663397639,5.022564387951678,-10.80084245179761,1.622739534869018,9.150690794844664,-1.8427571707206922,0.8165268394542924,5.673711518796738,1.5748329544386461,3.658812440256027,5.891569732506509
100.0,5.897005561710919,1.132073308935436,-4.76493225277531,-3.5652976058799783,5.379375390134689,-1.840966568687016,-2.1019488935975863,3.1698063323815884,3.749143254243234,1.995414329434597,3.701466616203922,2.8709995048675934
101.0,-3.3686720234128495,-12.370640373458913,-9.00196835004589,7.895269295081318,2.783697983489755,-10.707164646236631,2.824075951297445,0.050461969770744464,3.8280776485629446,-3.0613640379534575,-0.21549944249060804,2.107945281275884
102.0,-0.8075963661006663,-7.954193079262646,-7.146596713161927,4.406746462884639,3.1343095489009927,-7.573881650487556,0.24444596708437477,0.9990967319861395,1.091655881810432,-2.3543121414740984,-4.69343886121914,-2.8058158457164537
103.0,-5.233228415664909,-15.583167020937742,-10.349938605272898,10.358228483454301,2.521234542845093,-12.919795044951067,2.9965866761596214,-0.7554739808221409,-7.902428978742664,-6.029475367073646,-6.963811418506357,-8.308858946478164
104.0,1.1414299459370039,4.699355250527078,3.557925304589979,-2.8864013449181085,-1.1678485215305214,4.16319710912307,-2.5809263726218075,-0.652548586870904,-3.971410193581864,0.6403432549983317,-1.9893785099842063,-3.5385718942644973
105.0,2.3544547198014576,16.09310157765977,13.738646857858242,-9.261746930841644,-5.651856257444517,14.858881371071238,-1.3700475543658834,3.006833843225507,6.525301601830577,9.423851364477404,9.319697922608064,4.528757575657359
106.0,5.891760643062964,12.172934834316685,6.2811741912537284,-8.984033276045317,-0.1537923155915797,9.238518923725048,0.7698777432149002,-1.1457013682984631,4.950680598921167,9.060059533967959,6.310009010662201,5.968319964462578
107.0,-9.125397232317153,-4.296661773485567,4.82873545883162,6.68798856037618,-7.014394685037365,0.27208932586602685,-0.3313444322918892,-0.7815865650033842,-0.6574830608219098,2.8335198225262284,0.32939481258713554,2.5656862746403957
108.0,-1.8507519541824533,-5.723243494744056,-3.87249154056157,3.7703267845616875,0.97263097138958,-4.7912303642344565,-1.2481872672811176,-2.3231759445072786,-3.055367266727591,-8.412049599298673,-6.507605238536648,-2.226364299416964
109.0,6.9554852892408,2.1191873889548054,-4.83629790028605,-4.5495324656743525,5.854676427112778,-1.34573046976963,-3.8823128512195675,-0.9626283193521598,-2.2742233308690225,-8.09604091604478,-1.1769524063882573,-0.32271798604428015
110.0,-2.884774323345907,-4.620494162282274,-1.7357198389364816,3.8209280001682644,-0.5415368651275965,-3.155258253874935,2.552026129366356,0.9206171101327308,-2.9789897153855702,-7.432688779810173,-3.1994335186030165,-3.828925758771401
111.0,3.6607315560261364,0.7274179850428526,-2.933313570983331,-2.2062439729679855,3.325376313450656,-1.1475736928348557,2.1434477904606846,0.9672224960739353,-0.09395449229143449,4.584851062629964,0.5120605932627447,0.7265393286790562
112.0,1.5489288492310644,-2.6033890475008725,-4.152317896731841,0.5095770285286717,2.875963950923844,-3.4125597417669615,-0.33867322657750454,2.2926063947019224,1.2815409749267626,3.9872867505303766,0.1910919396051486,-2.6760011861966815
113.0,-5.619762785634965,-5.962659762031443,-0.34289697639624594,5.764808820892838,-2.6920831415771924,-3.1020979202286174,4.192772605990089,1.797033466333871,4.141214328181744,2.6009119012771698,3.2401708473912754,3.1207484662557787
114.0,-5.22029516492451,-3.473850162703048,1.746445002221683,4.310254625036983,-3.4555987705327618,-0.8893273816771121,4.8512576423545015,-0.8343940852169291,0.8069991549161797,-1.6140396607028809,-0.7770238549386748,-1.8804311463339163
115.0,10.272933485371404,14.023148924258404,3.7502154388870377,-12.115739439215545,3.2938882339192346,8.938135024139637,-7.085823918826351,0.10218005144506881,0.05291627516943098,3.464185334757964,1.5733877897326867,3.0115252205873166
116.0,-4.431210764841195,5.253497360916403,9.684708125757453,-0.38520390517083225,-7.098716610625482,7.436868409859695,-5.713503775781215,-7.341178567346209,-0.004827479239128185,2.512897070297916,3.069519660440907,2.528170069623259
117.0,0.7306527374929288,-7.572379590086193,-8.303032327579395,3.4451959048738034,4.48088556599592,-7.9767234144822,0.22560386480054984,3.2315205008928594,1.2486955818809669,0.3214236695218376,-2.4373350529931446,-0.893736431163388
118.0,-0.23796365208429765,4.76137434954706,4.999338001631082,-2.2343593670392523,-2.5726150737133846,4.913219269952297,2.093495012431621,-0.769696748125079,-4.108088771744739,-6.410461742337963,-0.24216309058967522,-1.5668304171254956
119.0,-0.9319298891219701,-2.534278476529628,-1.6023485874077992,1.687747697137666,0.303914054205946,-2.040638930589273,1.5800160065996194,-0.1262517096254303,-3.0900144593845456,-0.32226821245416337,-2.5120352314671806,-1.7955052486872376
120.0,-4.4927939436917885,-9.414626228367172,-4.9218322846753875,6.91526110571346,0.26176066728782665,-7.22146810280793,5.4052336485008485,2.491892131295371,0.4829602742010233,0.47361786003871886,-2.4512749346956224,-3.0947884064796494
121.0,6.7456404425331655,7.384711477717301,0.6390710351841746,-7.097624776606905,3.0202842301927957,4.03879411996929,-4.571255946273874,1.5953432698886338,0.31169181676144736,0.8553499907576465,2.34829343489539,5.406246096326992
122.0,8.406654512528867,8.455769334336496,0.049114821807730635,-8.380664545221345,4.222074402015839,4.283806973864107,-4.514421307970948,2.331010879641502,3.1205230282379843,2.0114512393099666,4.451334024794322,1.669474436895045
123.0,-2.3953460479426925,-2.5544080804792753,-0.15906203253641604,2.5278262791132535,-1.1566758121337641,-1.3980061931231536,-0.6662959353500353,-0.7777549907655285,4.441123596587112,-2.01821042284717,0.607189540588946,0.09186273101907005
124.0,-10.695067888752162,-15.511248050018967,-4.816180161266603,13.078067505429432,-2.9812993286538596,-10.120426668558432,7.605541426473034,-2.477353105533635,-0.9150427207024934,-3.4637890744625786,-4.6379374762572425,-2.9507309120765366
125.0,-3.042977653552859,-4.959281151533441,-1.9163034979804552,3.9750916470357662,-0.5294648235781794,-3.469610663004389,3.9861461020386946,-2.555828259469154,-1.2181553104804062,2.6577001007349046,-2.907215886869234,-1.2034928697679783
126.0,1.3952739262667757,11.282787223864458,9.887513297597721,-6.367760237177535,-4.214497059094003,10.553726496713468,-6.498862038038383,-2.8952409988433496,-4.4537603852649,-4.335546935259595,-0.9668069683531655,-5.025167868412924
127.0,-1.3474826876214323,4.387546227557862,5.735028915179251,-1.4744556103041848,-3.5109482176364257,5.10588739819453,-2.1175462867708337,0.4372094442996701,-4.705557077268805,2.371760980537696,-1.1815344831417407,-0.40515015268870824
128.0,8.893512942891777,4.5187745390966105,-4.374738403795271,-6.666505976915946,6.585104330816063,0.03336815645492486,0.2700108004045867,4.532331098878148,2.8925988945971977,6.159330914362171,6.7952481689552044,4.517765283997295
129.0,5.935283915614663,-3.2675957256129293,-9.202879641227735,-1.379730575339603,7.51990654629193,-6.199292619434617,3.6265299965977524,4.4150930072262815,5.075034918708734,5.1307206610061264,4.897136817068722,4.887501056868468
130.0,-2.100692340870655,-1.7907447091444937,0.30994763172598727,1.8933821089220093,-1.175586427239034,-0.7848707709717853,0.5964284179700798,-1.2134611071570762,2.3029336422471283,-2.6431125806776086,1.8681363709580936,5.584802933338134
131.0,-8.37282203955141,6.080035674383243,14.452857713934552,1.1682756876585763,-11.382483114591489,10.302914524504548,-5.184963485707696,-2.5858588682753436,-0.13522422841003334,-3.462801991279457,-1.585082560292275,1.0834252295379856
132.0,-0.7226853452356901,-0.5836114548004497,0.13907389043527107,0.674019711312273,-0.39922799812173615,-0.1797402382524127,-3.037298438166929,-3.534744084736138,-2.0335393868783207,-4.833398620499553,-6.536034668590191,-7.320029809364194
133.0,2.274668867790255,-13.381062142024883,-15.655731009814977,5.577464829070525,8.920109639352734,-14.546148846999923,3.117272255176961,-0.7738626302251466,-2.8074780874172927,-0.8037353709806174,-4.96507741073791,-7.535329370792379
134.0,-1.4737365153633983,-7.75339562565816,-6.279659110294553,4.645214793565783,2.3604445498305435,-7.035887487043092,4.867948506464287,5.45084230040643,1.4928128197038526,-0.2767428028439026,-1.5798359724876851,-2.021182486954391
135.0,-0.5303396755733056,9.024567398136014,9.55490707370953,-4.284625318767522,-5.003484913884663,9.276036016599758,1.7795267284613558,-0.2827312385357579,0.5216099185687462,2.1405333666331163,1.3444323525171358,4.2009415688836445
136.0,5.170466521056702,13.141895201624106,7.971428680567518,-9.184398603068963,-1.3583835373992914,10.543917549282812,-2.4772385487740975,-3.3923061554853065,-1.459702105797005,-0.4776021570727895,8.534154908948171,6.032156297082064
137.0,-0.4322742350447695,-0.05918335763367644,0.37309087741107927,0.224207568848116,-0.43668605635618585,0.2184470843856321,-1.0823797231894374,-1.3762466216192952,-0.5372745610392514,2.294955559652353,0.26555380643139426,-0.008953535007544922
138.0,0.40021174351516564,-6.158843090854414,-6.559054834369696,2.9393000418452964,3.447527172214074,-6.385666261598335,-4.494292365692943,5.288283098738937,-3.2893148753649353,-1.7281693664426738,-0.9586648263306321,-6.599704348008848
139.0,3.4925545140688925,-0.17478430380204335,-3.667338817871064,-1.6789380155464775,3.6273410503913865,-1.9605963973994123,2.446774395212155,-0.2718299437562126,3.8011723232940864,2.513525444490612,-4.764742526355731,-3.4368195588088426
140.0,-9.468865338449207,0.2461237278774968,9.714989066326623,4.586990314194032,-9.623870594071024,5.005861080081397,0.8518643149214258,-2.044719066745087,2.0576386541310008,3.3325489761440035,3.249875398498908,6.777400371452662
141.0,-9.021404485755571,-7.233610606275486,1.7877938794800854,8.176254604274506,-5.3595956169178045,-2.710206494106501,2.8224359091216913,-1.6873384459960237,0.321908816883238,-1.807068844285199,-1.6361956877335957,2.008540820460771
142.0,5.602485155453985,-3.4284277171522533,-9.030912872606212,-1.1219098182738745,7.280430325085014,-6.22631801163778,-0.6975499387165294,1.3362076567822836,2.1259594633672463,-2.090650643101112,1.5162950323822282,5.230701018298793
143.0,5.970257294149713,5.563073751422899,-0.4071835427266981,-5.803843228402398,3.1500708905481165,2.5762328794019105,-0.3835947098918588,1.1069036324351635,-1.5240154638562,-0.8912246156846959,2.0592592263250977,1.8340710473177597
144.0,15.35222853367693,13.468003571111003,-1.884224962565788,-14.367143074892185,8.657157126338097,5.789369336909612,-1.8902025273586107,0.6926965015746052,-0.5340610852918584,-0.2918586960123579,-0.06964716289841512,-2.602234936189409
145.0,-1.2989199912760085,1.6604164530712788,2.959336444347338,-0.1327222988204273,-2.0892174715163296,2.3099170481527818,-1.562638709216337,-0.44744809679976943,-2.427903204894389,2.0694193992535865,-0.34026172804834376,-6.471758418918251
146.0,-9.639997084219107,-7.2078715310745425,2.432125553144508,8.40058099334804,-6.07134694990062,-2.3832142312026576,-0.44810267497187717,-3.3096708381214457,-4.033217555659798,-3.4465259180333008,-5.54566271803917,-9.073802900003331
147.0,-10.842801079563614,-5.692360203353243,5.150440876210239,8.251686255689183,-8.026089931725405,-0.26085233529284685,3.3873183452639206,0.5725821461805274,0.36787992066034647,0.5896828229365907,-0.15231697751926743,-1.4235040636553729
148.0,-0.5040255236682638,-3.526925289641701,-3.022899765973488,2.0048582169318907,1.315813239338492,-3.3380283847125485,-2.8424148546398738,2.171737914235131,4.490499331408526,-0.6122032927354686,-0.6249062793035391,5.026909569833212
149.0,-3.9852774362795724,-5.012554782296717,-1.0272773460170779,4.490007953763159,-1.494382231922998,-2.9988483491883335,3.0753947092329232,-0.8208151145969063,2.367174187932207,0.1454638556500052,3.8656168881650332,8.65099468834891
150.0,4.674481441328332,-4.2988941053641865,-8.973375546692388,-0.1985444476209719,6.814058248584666,-6.6095749573677205,4.484002491456518,2.265016773003953,2.719665413654138,4.4823993666767645,4.992062532357088,5.769046375594148
151.0,10.398058067033194,4.136786811396838,-6.261271255636231,-7.282293203124572,8.322890605969855,-1.0301364378582574,1.0585727727299727,0.5703792832733475,-5.272049123506636,-4.780871334487939,-5.966974235744765,-5.551171562679233
152.0,9.289907213259193,22.016085010341055,12.726177797081942,-15.593714308259274,-1.7244078885043077,17.329560215553006,-5.536904974588523,-2.5200529706532175,-0.9136945583491214,2.2747858245628994,0.6985169026801297,-0.8673342065848466
153.0,-0.056336701059541916,14.96345312381191,15.019789824871449,-7.4767231086700265,-7.54583001559179,15.032394780594307,-8.650006009954145,-2.8794376818886,-1.0669574065976533,5.162604407868408,2.567647367194212,-1.0977661456353678
154.0,-1.1719224039178155,-5.8637023983577805,-4.691779994440004,3.5708921109730634,1.7497061333483765,-5.314625758757553,-0.9536389272365198,1.41035369284734,1.8180759400623656,-2.510752270531523,-0.8238368686880165,-3.67222971889726
155.0,-30.56708219678381,-32.62744409401516,-2.060361897231423,31.56946047362486,-14.18735720187103,-17.382637982992772,8.6630199143628,2.045951833709548,0.9997779813365909,-0.594167226758006,-0.16697964463817772,-1.8920998973798446
156.0,6.277599220985618,-6.160738027051904,-12.438337248037634,-0.08928984376658988,9.3428762776754,-9.263794923751423,6.429206095700824,2.553808713843703,1.2948082752309875,-1.7150574203055737,0.11216109889460979,3.66747081866576
157.0,12.702519917722112,4.307706736842042,-8.394813180880181,-8.540826515666208,10.530885534317502,-2.013090085783576,-2.7261923121741924,-2.8090539306746773,-0.9067410704577783,-3.2065031748989745,-2.2947407852820114,2.4920475308465826
158.0,6.390317324036897,13.190024655445686,6.799707331408744,-9.753595780033706,-0.22645814257341979,9.942137895200727,-6.661360511208901,-0.6765965462882246,-1.3942266321300043,-1.6504584390921733,0.5088772856052376,3.3876131233257363
159.0,0.0036865942148898156,3.5289350881298738,3.525248493915054,-1.7365197527132823,-1.7098168943389098,3.551160649692913,0.21483538017876302,-1.0516890926161793,-0.7161519450332325,2.0559971685632665,-2.8501755358312053,-3.6707039633734593
160.0,2.2140612723526516,-2.328358216587536,-4.542419488940002,0.0029386940023106156,3.3424283749511003,-3.409893487019155,2.4464904638591687,3.6898218227305586,-3.0840852623330126,0.18775114593868647,-0.5999810124649673,-6.451478712760533
161.0,-6.64952059975378,-1.754751215250615,4.894769384503331,4.224616781710876,-5.816889556224293,1.5213393178536296,2.2869329545754025,-0.5475917782432207,1.850551432651622,2.068603381312786,-0.21558935205955254,-1.9954748678276801
162.0,-7.055030866146852,8.577697197013006,15.632728063159888,-0.7369421241485812,-11.317746428018587,12.141654589405922,-1.8530039626096737,-1.6954090726509468,5.689042427557931,5.352921179790308,7.75810007552332,7.410498095298906
163.0,-7.447160438256665,-3.3298346947104402,4.117325743546095,5.418313193008499,-5.760740172609935,0.4361117162192918,3.0826338146817376,-3.4446433711143984,2.6412131133499237,0.7794779786728772,4.03463958990285,4.839751933021108
164.0,6.206280355265614,-0.12862599970240396,-6.334906354968258,-3.0803785192027675,6.2922337526345204,-3.2650054365297896,-2.350697758063292,0.03619737102370191,-3.8714499601234,-8.154616319695563,-5.423279397805789,0.2299942467192042
165.0,6.334680213566953,-1.0555526887764421,-7.390232902343616,-2.6738398454799097,6.889230957658352,-4.257305135610025,0.12182087267268793,0.6616381566749535,-6.051195496408006,-2.280454410807397,-0.943802516269852,-3.153104277150431
166.0,4.822507169705703,-5.937053098287026,-10.759560267992804,0.6071112003068978,7.748079311731593,-8.388159092715192,-2.839796886369535,3.043266964497855,-0.6382685292286987,4.211354460691271,0.19850111352436306,-4.2025683378257614
167.0,5.014735538439607,-5.616373437449743,-10.631108975889244,0.27440576873848394,7.790968632327194,-8.092743917686114,-3.355716966438521,4.666240607630946,3.5479626689610058,3.5461714027473206,-4.486988077810986,-2.102544079779402
168.0,-4.461755581124101,1.7382923443168354,6.2000479254411704,1.3350196299610586,-5.351857144569386,3.992708438057505,3.2547926005429835,-1.1628099501579363,-0.42459761619874903,-4.480270644262443,-3.343392149328784,-1.5968536194338367
169.0,1.5588436602497455,5.901379634121411,4.342535973871813,-3.680314766234369,-1.3246592965707693,5.14126912945631,3.117477444171752,-2.078309581976496,2.4692301579920652,0.2946180649363557,2.844015889766357,3.230563375591875
170.0,-5.855917580169427,4.410631410648846,10.266548990818265,0.6906481185462603,-8.066189980729352,7.358456714482853,2.7571115672730815,0.7829543833936312,5.360550299840656,4.735722722764097,7.693887078115775,9.202838563398254
171.0,-7.587557480234143,-5.071257574064943,2.5162999061690536,6.3732103783752105,-5.053945615020746,-1.3312375907234442,-2.0047401215920595,-1.6155082542085033,-4.283546832196366,-3.5243333796005913,0.35599876017762,0.532827964529774
172.0,-5.050216627856417,-3.353933561474652,1.6962830663816821,4.164563327452124,-3.3765540964408247,-0.7958959730950981,-0.5434896905760827,-5.8375537256658045,-2.204313825531992,-1.400616176781929,-1.5180149671851029,-4.686633247210838
173.0,1.6853048069110688,-0.4805098391826039,-2.1658146460936756,-0.5636394641395792,1.9167422407743202,-1.3608117921153997,1.2708007305416533,1.925879966731043,-1.7228274550405902,-1.8572463727238377,-5.361535699552085,-7.608109623083395
174.0,15.99349602066998,16.678793437155363,0.6852974164854899,-16.37913910240928,7.63636216127486,8.729001663003842,-5.806034791621244,0.9319671611233438,-1.985220396652729,1.327104751587087,-2.1057985525376544,0.31197032695431837
175.0,-3.869998780576168,-1.7276834635570073,2.1423153170193143,2.8306027520416412,-3.034596599351593,0.1772661427034809,-3.6886956262922026,0.45239548174362954,-0.553543002462252,-2.1402628273805213,-0.8332835558450655,-0.2924370300018704
176.0,0.9442797216674372,1.1561791207486478,0.21189939908131095,-1.1021739515343918,0.4060142576995882,0.6510208943727886,0.3270441985945296,-0.46827325257954366,2.4154257723975654,4.740939851912169,8.192235296064599,6.534114888851029
177.0,8.99957774127536,-8.058837292347055,-17.058415033622392,-0.4488590680371196,13.060218227628111,-12.519887071679932,5.658816149333094,6.446540453282935,5.928279211659346,4.2518645759968,4.174711760350882,3.2349803108226074
178.0,-1.07940819904593,-8.479605876396406,-7.4001976773505485,4.79637834085054,3.1856457360662938,-7.910458524662534,4.99975757892517,0.5989943895242145,2.5371051684238988,-0.4864845062397176,-1.2174675164106592,-2.5146471092529605
179.0,-13.718399754346429,-7.245087134509534,6.473312619836754,10.49557521498144,-10.152947901275429,-0.4445372871354447,6.259461809560482,-4.8268380505845965,-5.926629863707993,-6.554189581318133,-7.87079644323045,-4.366324464912264
180.0,-7.384428680101751,0.4692491072003704,7.853677787302003,3.4705317588461053,-7.599367408834977,4.174389596142786,-4.20813067718138,-0.4205801533949223,-2.2833485419634734,1.3526957565204412,-0.952649488398797,-0.32411285729372175
181.0,-2.457343788852619,4.078883911854944,6.536227700707567,-0.8752627674315618,-4.556747047793842,5.31710699486761,-3.834243842785684,0.5520927322767777,1.2421423551875825,1.6253348234019915,-0.9053656627197388,-0.9384488758341933
182.0,1.6301881530688846,2.1988273288024915,0.5686391757336482,-1.897048873159505,0.5498353622840284,1.394295702655313,-4.165696935781602,-0.5188729795013428,-0.6395366812956438,-3.5097765935761593,-3.9312185823626606,0.6176551195677022
183.0,8.811051579726396,9.238352416428102,0.4273008367018176,-9.002696632753755,4.212957860151726,4.848111241796739,-5.17113961807687,-0.06411253153348007,1.6387440073811685,-0.08883520273057499,4.483904431087101,8.404984616127866
184.0,10.290514771264819,17.17826534345724,6.887750572192516,-13.70717828452118,1.7267124585657547,12.054978462789693,-1.2440267137720864,-2.3462069464096493,-5.016913977781568,0.6806513246949099,11.746454243020478,4.270383025013173
185.0,10.516008628945578,-0.9413977121660926,-11.457406341111591,-4.83372138948841,11.018320173893914,-6.249716368521293,2.6197805760960127,1.346023739299651,2.6058677004227127,0.26192456239679984,2.453984172126238,-1.7241509512362225
186.0,-4.2977993104716035,-16.944708312383167,-12.646909001911517,10.658022340425187,4.134769001707332,-14.841665378096259,7.201894984286344,4.483598570032553,-0.20722462547090648,0.83945449900225,-7.854335440099744,-11.985262750744633
187.0,-8.911941898352232,-7.283547341194561,1.628394557157689,8.059306318321143,-5.302843055050344,-2.793011937644984,1.9811984614844143,1.487389037786047,4.506312112740732,1.5904051315745837,-6.982161735676363,-8.706145604138412
188.0,-19.742393385561606,-5.195533341917368,14.54686004364421,12.433490101052744,-17.17146940920542,4.709427640793041,1.213705110254065,-6.622826421121838,5.673444044176311,8.424908816480322,2.0686931933683423,0.8381950440273322
189.0,5.63591528543774,8.003698631911238,2.3677833464734546,-6.77350926303812,1.6900870172237665,5.2172867508326055,-1.5443855165887137,0.04533805675386948,-2.1050431905121743,-2.154922431541008,0.8257634629338835,10.882087260704456
190.0,-10.779794037591246,-9.757067506630053,1.02272653096104,10.31830711333039,-5.921585993842062,-4.416664656633273,-2.4818497999673377,-0.5690212505321681,-7.68186633556698,-9.330352985779655,-2.720232953368824,5.774568706361389
191.0,15.619490443141965,2.045600447889423,-13.573889995252777,-8.857319906449831,14.655867928665703,-5.814655825707042,2.1423454646490674,-0.5822499759864442,-2.6993354133634453,-6.5361259546130634,-1.1790375640967399,0.38963602839783906
192.0,8.129785462530174,9.607006766914726,1.4772213043843418,-8.88916056436488,3.305714647662432,5.571709039974887,-1.522462345676184,4.791047878429097,-0.5316209419053264,1.2830007489452306,6.1598355675103695,1.1593390215932176
193.0,6.313547834066912,5.379627633252351,-0.9339202008145756,-5.86423897993227,3.6003682056471384,2.256661318935775,-4.995106368236728,0.09721225734871641,-2.9413373957549136,1.1725498160164687,-2.0886941843265823,-3.995042505434729
194.0,5.858125716256296,6.9602927446964635,1.1021670284402965,-6.425165610265598,2.3504579942582127,4.071563057245317,-1.9118787939009938,0.1178392588705604,5.536536662247362,3.070812426672423,-0.36083425911332034,-5.934227634369737
195.0,-1.4383457968932518,10.032663799300483,11.471009596194,-4.234068907764219,-6.486499049844515,10.72060444844653,3.5954966036414664,0.4137191885290603,5.641143684048089,13.666805383092118,4.649279364953345,-1.4418121179135248
196.0,-23.247662255082776,-18.78448685704682,4.463175398036212,20.99981851610749,-13.811254504801587,-7.186308043299276,-0.753890603408718,-2.1206717708134097,1.7297703110380418,0.944797905492214,6.138487938445964,5.263377525010847
197.0,-3.7583901862534823,-13.742660139327704,-9.984269953074197,8.73356157143376,3.157191262946263,-11.887097040422578,-0.5259312822888773,-2.515126924558234,0.27571136653111206,-6.834327729929309,-5.4508993901000355,1.390748627841075
198.0,-0.1485408088839728,-4.874517147233472,-4.725976338349611,2.4945827636109055,2.2572212926098913,-4.747453517628802,6.274116634284286,1.3819976641547154,0.390998492666051,-6.8220066791942315,-5.413505769903813,-2.0956212827443275
199.0,9.294777277869605,11.520605786923955,2.225828509054217,-10.423250615541045,3.586116979021023,6.841364853774735,1.803365179768212,1.7617253582991301,-3.509402486347009,-0.8564996619914531,-0.10263270232118238,2.1114593094472704
