Time(ms),I,II,III,aVR,aVL,aVF,V1,V2,V3,V4,V5,V6
-200.0,3.5240017454033907,1.5150492219276006,-2.008952523475722,-2.481005462155805,2.762151915746094,-0.2865134057207414,-2.6471863928398367,1.335182469577783,-0.7568541802315962,-1.845484817263376,0.31102040931292363,-1.8042193790476668
-199.0,0.5020702777405477,3.0007831558350193,2.498712878094503,-1.793544539608583,-1.0005470452587284,2.7864455859745005,-0.8066289886129372,-0.15186100574326422,2.3326593378267417,3.200166199634701,0.5889045135634207,1.264701250348183
-198.0,-0.7081345135678132,2.450373626831232,3.158508140399018,-0.9151058915488319,-1.940012081779547,2.8359002945333875,-1.8365737859306384,-1.8618876137922638,-1.7294337386332008,-1.9401468121939276,-1.6981684186630306,-2.3633869657668516
-197.0,1.7489626250618544,-1.0214513383196229,-2.770413963381542,-0.33095177062397396,2.2433172811669513,-1.950594446048843,-0.28762459873343704,-0.6592144388775592,-1.393072976132324,-1.15230267986317,0.9291926680969115,-0.3027697501315202
-196.0,1.6310939396955528,1.8823544001318002,0.2512604604361708,-1.8041444103258004,0.6617155401194148,1.0825432010124865,1.4545632516261948,0.7684057253356353,1.9399349977015063,0.996542844970664,0.19765173348276222,1.8392294743346715
-195.0,-2.5315830900789926,-0.6010163249934677,1.93056676508547,1.5976312002470099,-2.190791870186033,0.6726112576908277,0.3719083818035154,-1.5558385307815472,0.18806023319785525,0.34920865500673887,1.1304861639305863,-0.43690291576244467
-194.0,-4.7942052519290055,-6.495182184514752,-1.7009769325857842,5.678215825219655,-1.512046306856527,-4.096310266120202,0.789436420084006,4.231212499976413,0.466982739305083,-0.23434230585910443,0.8780068053973092,1.1689494009052432
-193.0,-0.37636334639041835,-0.9012486247057079,-0.5248852783153128,0.6765024331355121,0.10881604734138123,-0.7145554525721225,1.1039674241168551,0.7632766754703966,-0.4228839582957151,1.7222058224460852,0.3506338614020559,2.6274725946360045
-192.0,3.7907112876584863,0.41953006914393864,-3.3711812185145456,-2.1412593392215444,3.5414610991318884,-1.4774478843072116,-1.6531495010904806,-2.318820281156974,-1.8006536798147805,-2.226009670634042,-2.685128079595302,-0.4721490430963676
-191.0,1.2733070656114405,2.1723410068634217,0.8990339412520085,-1.7550472342119676,0.15461206733257415,1.5366269765355707,1.6058231920577355,-1.869934154557526,0.7676726578796573,-0.8645527692166506,0.6298671510087865,-1.5318101899233016
-190.0,-1.0696099248028612,4.511810083978773,5.581420008781697,-1.7517743034385782,-3.3516174158543732,5.051752170926214,-1.6212482836572433,0.3937761914293423,1.480174772968537,2.6873622582702588,1.498918780695187,-1.1114646866570628
-189.0,1.9955175738201516,1.8092463172854347,-0.18627125653464915,-1.8554909145864151,1.147377651097272,0.8210597309008292,-1.8980252321752502,1.0886684772274715,-0.4013106219395697,-0.49796327782973104,-1.2654279534527517,-1.1447974021402576
-188.0,-1.7469944600572709,-2.9196907978757753,-1.1726963378184494,2.298209355529223,-0.3089653689790832,-2.0332523145939088,-1.521583575242114,-2.148437616167116,-1.7932433136277974,-3.25410416535925,-2.3004242965036763,-1.70703720431331
-187.0,-2.1452034606234562,-3.02977100548674,-0.8845675448632531,2.6268629175910956,-0.6546948856986404,-2.0214184197278455,4.05738778219318,1.7626101590325502,1.5474217821702752,1.2996792649560893,1.5030303588438922,3.106022292858294
-186.0,1.6618217438975287,-2.184540781198828,-3.84636252509635,0.296450428982699,2.804004299267561,-3.0010897234266336,1.3147795676711818,1.718191893173461,0.8582741719366391,3.0556713961807525,2.7999831878098944,2.00100072584078
-185.0,1.5733577014685003,3.990684928046496,2.4173272265779646,-2.8296839612217974,-0.45588116126812395,3.2174137043780013,-0.11876833093087669,1.1049127210143492,-1.0576557119913357,0.4245967992783366,-0.8006729256698073,-1.587447884963967
-184.0,-0.2312199118591614,-0.40273202664939034,-0.1715121147902966,0.3441463913965752,0.010386327396803341,-0.2743084780268109,-2.120868020350816,-2.8338194045965603,-1.4988394874746502,-2.8113869016553057,-1.5685414874009074,0.6984517718125672
-183.0,0.7189949766706121,0.9114241239157607,0.19242914724507465,-0.8709068014344526,0.2211642998038451,0.5653452666602531,-0.7389201372262159,-0.2369341564569365,-0.7305928287774417,-0.31756255824217094,-2.1544514869447156,-2.610153978031326
-182.0,-3.715866901859115,-2.8511153461125915,0.864751555746455,3.302282264083642,-2.2561753338799346,-0.9778742880722726,-0.5033287571058842,-0.5822386879335659,1.4269680976213102,0.27011704224202,1.3860445187363333,1.1191363853858387
-181.0,0.5830283974340407,1.1663252746863033,0.5832968772522356,-0.8597345316611054,-0.046284426435683645,0.8138789680501091,1.1666633338522734,-2.773768837641715,-0.29709679577080184,-1.2431716369117445,0.8046489285818818,-1.4878185865821179
-180.0,1.9997315203556836,2.206201402908743,0.20646988255307813,-2.0905763126383854,0.9284893546580593,1.2262353890653783,-0.23480982082665702,1.9723159399654098,2.057155018975514,-0.1699068684824545,1.9164111316664378,0.2373484715983637
-179.0,0.6850569346222327,1.6560504526428521,0.9709935180206839,-1.1585314280155241,-0.1110724713436348,1.3341073822076006,0.9900359167408916,3.910318404105398,2.7264191293717848,2.7647138475633035,1.2685287829221887,4.743997798948765
-178.0,-1.5289953698406271,-2.36515918924487,-0.8361638194041816,1.8827820627645324,-0.3922054933439751,-1.581294274064541,1.0294105309169996,2.9040400582134875,-1.0407245822139615,1.2159096257669,-2.3364411358257224,1.5574233631972534
-177.0,0.11192217100017396,-5.372716525902178,-5.484638696902277,2.650247356978417,2.7551011928266322,-5.491001344558677,-1.1534679372498648,-2.747954702298529,-4.0022668543198545,-0.09672068182722093,0.26329725440237284,-4.278159166776292
-176.0,-0.922377098266169,1.9155931040635217,2.8379702023297337,-0.4688436053870215,-1.839838253250722,2.3894661932258057,-0.3267873323370919,-3.157992355062788,-0.20137408057221196,0.7946049989276465,-2.505809996318757,-4.103744076020317
-175.0,1.1264073114051634,1.7276234328245998,0.6012161214194367,-1.3899641884081508,0.3101444702264701,1.1740206538315703,-0.0621123127526948,0.4369650080949765,-0.9810374532540084,-3.106281194951886,0.9045841442524317,1.1875069214183465
-174.0,-3.1759040195195505,3.341950283005737,6.517854302525275,-0.11577380210684618,-4.868872299592151,4.938588506529957,0.8615235514308301,-0.7529156487705335,1.9041666528204408,-2.1500940976598955,0.3039281968236407,1.7988760266581714
-173.0,0.6684750857877253,-1.4019312564882949,-2.07040634227605,0.34078900946815466,1.357302023300844,-1.7252624251633621,0.3059493656789527,-2.554472776547008,-0.9182753761028111,-1.4879959568094585,-1.1392952079536962,-0.37234443032735043
-172.0,0.1277172424850318,-1.7526354882503175,-1.880352730735422,0.7899532170791322,1.0004566694322534,-1.8002307799614712,-2.6445524990805556,1.4187943268986394,1.7539056766995231,2.064977628356344,0.598672029309125,3.6407401206131498
-171.0,6.780306331399245,2.0586169110407395,-4.72168942035858,-4.3634064237297885,5.752751295277548,-1.386524725577889,-1.7185977737812315,5.020872052358009,2.0807122383742342,2.3123060452827637,2.922695073387246,0.5483757495407433
-170.0,5.484548721707172,3.1530935192904024,-2.331455202416813,-4.3445707423698705,3.9105405043388393,0.4425763873615044,1.361010068269844,-0.7721925090584332,-0.5749163918944187,5.632684122676052,0.9755758049508942,1.1348670516030712
-169.0,-5.1377660242211665,-2.751766689433836,2.3859993347873143,3.9144581573888138,-3.7633944434525812,-0.1443466679292595,1.8233817312316463,0.25715047385633105,-1.869910799635111,-2.4627439199582755,-0.5633380544424679,-4.709031823119461
-168.0,-6.612528224035909,-5.903991049998177,0.7085371740377608,6.302037605200971,-3.6700640490140195,-2.6335256696829017,1.3620793731184866,-2.1025255431127605,-2.5519386525503913,-3.923776800268914,-5.565882112884349,-4.588324354343016
-167.0,-4.923025295600001,-3.895821437156447,1.0272038584435965,4.449364274133677,-2.9947960484968785,-1.468128232634623,3.3594807160445197,-0.8240936676659079,1.1556427677446555,-4.334288878765127,0.5148483284750305,0.5178850835394595
-166.0,-0.9212689411008623,5.684316400838141,6.605585341939023,-2.423104600346813,-3.714289779886875,6.111845543702406,-1.1033542936624872,-0.5675071375099386,0.5269945561872924,-1.5369414930140985,3.568586326485651,1.8646457187338312
-165.0,0.6227034985361535,3.845756785278934,3.22305328674278,-2.277838306508775,-1.3372671541938623,3.5814809031291714,-2.7466172380102876,-0.31959306081374916,0.7544196534229559,5.196763603614227,0.6584504116173222,4.064080646079116
-164.0,7.930448347157363,3.1078945635909347,-4.822553783566452,-5.48583881977728,6.414648058334186,-0.8062694154095957,-6.090061304240443,0.6254576712053234,1.8547174602859506,4.366221897773915,-1.9026906959682999,2.7292874487803687
-163.0,6.136537562505147,-0.31655324968884924,-6.453090812194036,-2.878675009152409,6.255091560819502,-3.4053183020222084,-0.2236243186712903,3.755881450003254,-0.2289990830705182,2.2470528618802383,-0.7034749992544496,0.14829448495512487
-162.0,0.1988093549884007,-1.2887576709750643,-1.4875670259635085,0.495120270276435,0.8867456232762225,-1.3993098755752298,3.5527747312425033,0.3149885230548728,1.3887471773687887,-2.1415795420619403,2.088807542355644,-0.8174818684360404
-161.0,-4.22388546438864,-1.665149578585833,2.558735885802772,2.9706084833788147,-3.4200015352531596,0.44463472156604267,5.828088340187019,-0.7917391974572647,-0.7200212431204186,-1.1673810430094802,2.2185061032141977,-4.311456317166547
-160.0,-8.535271828934142,-7.126363489178184,1.4089083397559374,7.853926171818299,-4.994482518690317,-2.8553633546743553,2.2884813749004715,-2.8647458186387555,-3.136701002272372,-2.815955680019108,-1.5719882217136403,-2.5724670760055317
-159.0,4.98159909971524,2.554449025789486,-2.4271500739257648,-3.8264783894639534,3.764698762452313,0.06647797457968391,-4.04121662311959,-4.667085173882944,-4.270205655337333,-5.496312587001772,-4.177766158106133,-0.8664205999851018
-158.0,0.254192608877424,0.12152685130381047,-0.13266575757361654,-0.16981250602478343,0.1751093992630613,-0.010428933458277223,-4.341061414902103,1.7736543637954219,0.9996051441038889,0.10648021510890326,1.501861657321676,2.6766149765842977
-157.0,-0.3579342180699708,3.178372549292157,3.5363067673621345,-1.3935835718229472,-1.9696355167379536,3.338627110978305,-3.463002554575139,2.8891172494513317,2.6397788855143483,2.096915810421461,-1.7392514273173458,0.8980541143233416
-156.0,-2.381243397445534,0.3094099421657819,2.6906533396113295,1.051929320130497,-2.566016939748165,1.4643342527797116,2.302239010217346,2.181742044594652,3.022201628172943,4.788330763042824,1.2300752282120067,3.137516858132008
-155.0,3.701241017039004,4.168492999837219,0.4672519827982302,-3.9191327735657184,1.6569895989978694,2.345121499227302,3.4444886606989673,1.5214602293877868,4.013371645858869,3.7387745428629247,2.818538261016993,0.14781158134382277
-154.0,1.4056277745431054,-0.875612256150949,-2.2812400306940424,-0.328627535224677,1.7977335551181057,-1.5615788311790029,3.7645561330495534,0.4758737813108947,-3.1747235731364074,2.149695995655655,0.6617546385916853,-1.7706427510638818
-153.0,-4.278889405429435,-4.054508754133754,0.22438065129569074,4.180341063643469,-2.22132091036789,-1.9006212363332602,1.887617048964672,-1.4217958716804353,-0.1395263046381956,-2.4963780704777356,1.8403191388291595,0.8467153140321733
-152.0,-0.18624240318950802,-4.014750181601762,-3.828507778412242,2.1115837987679456,1.8538995599192118,-3.901683751524348,-3.9891729507438107,-4.060762423490009,-3.370329958650294,-6.448985255497071,-2.124495618364337,-2.134704221752449
-151.0,2.0790034773087487,0.8889180047131546,-1.1900854725955772,-1.4762830619999265,1.6738326422679153,-0.12006864693863362,-3.2385363803831173,0.17550126987375148,-2.3617641785781966,-0.8707967922096671,-2.4149909167054293,0.7939094706622878
-150.0,6.004947944314119,5.092319634793813,-0.9126283095202845,-5.544797308876573,3.4269686045376617,2.0527279036856942,-4.0268710194698825,-1.043028245812085,-1.4127612718942189,-2.833659040026671,-4.151935252572549,-2.6378572354848786
-149.0,-1.566178344143081,2.928831331938053,4.495009676081156,-0.6813054725221594,-3.0572593701792394,3.6820983727723138,2.6587932371594722,2.407228253862087,6.850299816281829,5.547095773706936,4.229574487972759,2.909590883031566
-148.0,-3.0463196303139006,-2.218741297304201,0.8275783330097077,2.6292138489957657,-1.9636450485874555,-0.7243251728404156,2.662773769264826,3.2203413809634247,3.161175919066725,2.253551276118326,2.6350848117972205,-0.4219061088248066
-147.0,-3.1617744229349496,-2.9156155984499463,0.24615882448499415,3.0330584062907135,-1.7364582650684315,-1.3680751816790484,2.1947708610849554,-1.3568545086948327,-2.045289404545854,1.8037748484025156,1.1706690316445254,-1.2213366382223854
-146.0,-0.7795745129655474,-1.4804712169726502,-0.7008967040071219,1.1238110591600665,-0.002876444066297834,-1.0524970189008538,1.5905205162111014,-2.0314762920238216,-4.081343996541853,-3.754404315035442,-2.7442277986314574,-0.16603238986994598
-145.0,-1.7908726210429906,-1.4597991862382882,0.3310734348046816,1.6211735055312018,-1.0350134944228098,-0.5319887498276276,-0.9466078939395995,-1.6202032178214476,-2.262330446579166,-3.3309446770704896,-3.62477137242782,-2.0978435206184987
-144.0,0.31375518452353,0.1955972714095563,-0.11815791311399282,-0.25337086118265767,0.23415797186770582,0.06966638378200918,-2.2272547585409677,-0.7812720204186296,-0.3934529482827265,0.3981022589869072,0.22640671731470796,4.817946228622678
-143.0,5.015811231281233,2.928956457038532,-2.0868547742427186,-3.9618751061615796,3.566919884860109,0.45552261386250426,-4.87754523664765,1.5870411138811595,0.3975212851047978,1.3315127321781368,1.4599314983039673,0.1914830674809196
-142.0,0.4274109485540154,2.1164045242573977,1.6889935757033647,-1.2489935392520932,-0.6906395380085848,1.8649459041325542,2.393892030863346,2.5870790881359866,5.309597714076967,4.060079419058352,3.605330979331251,1.3268281246976283
-141.0,1.5320508266365893,0.7756600054853469,-0.7563908211512602,-1.1956191472522644,1.1716639404453624,-0.02191462608296646,0.5242223988666082,2.9836445553783553,2.2748805020673037,3.208655605884336,2.118347732028469,0.29757189451963284
-140.0,1.2957090304748586,4.046728570278988,2.7510195398041177,-2.620824806688627,-0.7668990784236317,3.370240333401205,1.7661513619362252,-0.3353189023983658,-0.9240421218933017,-1.5540416335836822,-0.3243026435827987,-1.564420420471154
-139.0,0.35834149113283287,-2.2818580773108392,-2.640199568443681,0.9435768700054359,1.5521530996585846,-2.4912953316890416,2.0391138329203193,-3.2222309228123063,-1.481371716684893,-5.863852701344216,-3.015277078241339,-2.1446432721579898
-138.0,-4.4269589011881605,-8.759146034858079,-4.332187133669927,6.579771165017465,-0.060905591766285405,-6.50258514264564,1.044059490758747,-0.2409041016191913,-2.048948253719788,-1.7693494298144992,-1.0784348997428859,-3.1176079732989446
-137.0,-4.0090664194569285,-4.003273669639807,0.0057927498171088665,3.9917240983913906,-2.0117976975695537,-1.9627166230025481,-0.3907961824334659,-3.4002219689494178,-1.7381851664834427,0.4783568433186889,-4.862466627094883,-1.0691033741258913
-136.0,0.3732915755475217,4.729885298399901,4.3565937228523595,-2.5724190695477924,-1.9917198775639646,4.572828104859179,-4.79492582655838,-1.2671165495421044,-1.1804010042667037,-0.800440196904215,2.7966399137127596,1.5691200726165477
-135.0,4.370169277182963,8.652340976434566,4.282171699251565,-6.462628068183942,0.04257263495044494,6.413814354779517,-2.207298658422142,2.4336690931286893,2.2519061216337466,3.2315212105535096,0.5311713210811275,3.9084394510670775
-134.0,0.8194264881990696,-1.2748518029459612,-2.09427829114508,0.1884743443354968,1.448678442190188,-1.6608502736568256,2.164902734799685,2.5732614316110194,1.3425041610342752,3.274747055852858,2.806824220770758,0.4099729011069799
-133.0,-0.6505862544354726,-3.9077941008500847,-3.2572078464146466,2.312666362386615,1.2843067118497906,-3.636624240289907,3.2213079832366827,1.4485345831657666,1.001332734117635,2.492026514356268,0.7100826094134489,1.6673057252643524
-132.0,-1.9217516557346823,0.5283044042415179,2.4500560599761885,0.7291241003349251,-2.1390407211649087,1.5167494868490512,0.013436326617517258,-0.792527033015261,0.6952620564095271,-2.100495587344868,0.5900730419679816,-0.7792959784239026
-131.0,-3.108329399181652,0.6921505816185838,3.8004799808002603,1.1660397817882875,-3.4990147353587417,2.2783352276622795,-0.37247801811599157,0.08976136353646985,-3.2556144251250934,-2.394215444555604,0.5712659990599499,1.5173062302856777
-130.0,3.0036046436362183,-1.4230532527343949,-4.426657896370579,-0.8236592664094607,3.73851526866146,-2.966169225546233,0.3066263683741567,-1.5813577199282227,-1.18622662127177,-3.955525982585071,-1.5118441451571414,-4.3878305029347535
-129.0,5.338963555786767,-1.807293689816884,-7.146257245603612,-1.7094903231635592,6.258175815382032,-4.433558291822464,-1.9258679055142585,-0.40037768124590145,0.5762177106138903,-2.1572376508341375,-2.9733916641171882,-1.0201930347946018
-128.0,1.2404519559598524,0.04175384896830969,-1.1986981069915115,-0.6528019410222141,1.230282416755101,-0.6084889135701168,-1.5879176318294799,-1.0848790813567843,3.130041841338869,2.067357515629603,-2.172135399506312,-3.0633739260335053
-127.0,-6.057522740329801,0.9164784666535166,6.974001206983335,2.5666896355637925,-6.507584976214142,3.9199249883636598,1.9437953243505002,2.0367081597737484,0.3050193461026707,5.277018662162427,0.8897010670973196,1.8820961893071768
-126.0,-4.856817482046536,3.294280430503429,8.151097912549973,0.7804794604554006,-6.575435164879983,5.779648028705267,0.49351826426046275,-1.109625060510469,-1.9836187464522985,0.5988977975951437,3.7397010937837813,4.882852144131395
-125.0,2.3930649606904715,3.4981327103142874,1.105067749623816,-2.9490348672329443,0.651781924842457,2.282021185763096,1.802453666509674,-0.4408229911373698,1.2196230860033832,-0.0035476192389575223,2.142339433494932,0.9284218762952929
-124.0,6.226978482294982,-1.9684810866923967,-8.195459568987383,-2.1404419905750505,7.221355846006331,-5.100554302107104,-1.3423669314298368,2.4601466559715854,-0.03655741928745626,-0.8585636092680486,-0.6779709159631795,0.19382907562217677
-123.0,-1.9387901386294653,-8.448714936789544,-6.509924798160084,5.171676776337255,2.300555746030377,-7.497834710117513,1.6721226130452878,1.7542449425133695,1.3002229659327642,-1.3941874468321593,-2.7190276791997063,-4.1048931808408415
-122.0,3.622368116178636,1.239502774350043,-2.3828653418286,-2.3853676035123472,3.0251280405825454,-0.5118964979637353,-3.521964576533305,-2.5414424127150137,-4.636782110932213,-1.197499838645501,-1.4370174647168765,-2.5948115964023755
-121.0,-4.220172824127992,3.1805549241587148,7.4007277482867,0.47827414114515815,-5.778566748787333,5.271099282311734,-1.600503567378491,-1.6674494960837936,0.8012848792341025,1.6963973224380384,0.007333251228581084,4.009735151159637
-120.0,-0.43443870797238215,4.048361932582911,4.482800640555288,-1.7732253108638192,-2.496013384971409,4.245612708887769,-0.9592839529208146,0.03213457372163042,2.126077906966516,-2.333009284966159,4.294933342298836,0.69935278238639
-119.0,-1.8988439931536272,-0.8008361595564861,1.098007833597141,1.385534597681939,-1.52827261526462,0.12847743777183096,3.2302455400678127,-0.3887003979668172,0.725514803172989,1.2903119206688491,-1.11794912056995,0.5665175361201261
-118.0,-2.15664435849313,-2.138915119004862,0.017729239488272985,2.1109320960583178,-1.1128788830434098,-1.001797069005423,2.782712256798729,0.5223017697813671,-3.775449416521759,-1.9312018647460605,1.2439501130059145,-0.05143361089747989
-117.0,1.4278573394731249,-0.9617960179170031,-2.3896533573901277,-0.26196487034410976,1.9621857624241903,-1.6953560726152295,2.1029560349719576,-0.06780571848415906,0.5863038121529304,0.25552641591618463,-3.918634693030979,-2.0037763576808416
-116.0,-1.0028324751058026,-4.4091307461889055,-3.4062982710831093,2.7623443781367407,1.1736371846934663,-3.927104035380939,-1.1838740297124652,-0.03743850874313731,3.3844435100896395,2.320633063174005,-0.37948696085664824,-0.14551115063297337
-115.0,2.6298969343271787,1.7289423770226064,-0.9009545573045783,-2.1992578334022324,1.8113357405514565,0.3944490643671148,-3.2353543773172695,2.2519407866005756,0.5615960714967958,0.9958178441689989,-0.3931692530830734,-2.242687992000706
-114.0,4.246502607667187,2.003993043451741,-2.2425095642154464,-3.1478929005782628,3.206142464213567,-0.06092393569818967,-3.635194363778375,2.8834455353947583,-1.1900616234753556,1.8136632088507953,0.9236778157500649,0.8894569422131321
-113.0,4.804644288661926,3.4303149040730343,-1.3743293845888869,-4.147892330838576,3.1244474828258624,1.00570542386221,1.4759327648621752,-0.17433057715669587,1.8870238944884585,-1.8513489102454619,2.177595651001182,0.1439834391750825
-112.0,-4.55172259327078,-0.8798990772224979,3.6718235160482804,2.753519494446696,-4.160363561894996,1.370598900578819,0.9965401451775664,-4.9155960728600565,-3.6601613788219374,-2.430566678074929,-1.1139693385825746,1.0482468564865965
-111.0,-4.977486457650596,0.9917033068882387,5.9691897645388226,2.0202985175708426,-5.447044295472353,3.529545415847229,1.09927964381073,-2.016173086509932,-1.8111438117462995,-0.2882472710479371,0.706535046182122,0.6384689998095088
-110.0,-1.966506042757414,-0.33223978028689394,1.6342662624704891,1.0913392229225085,-1.77676786223555,0.616189273566609,2.6171657977551055,0.5379610215373405,1.3046591075616414,1.0746136713172543,0.5216822230710885,4.72493570758084
-109.0,2.1035429858862322,-1.034680720452166,-3.1382237063384504,-0.5144514533587712,2.5645549619076617,-2.126628965034293,-1.557499689169996,0.4674861514610761,1.1814917268685627,-0.5331096083588834,1.0704442421420688,1.7961994363015372
-108.0,-0.6022841340331797,-1.5412885593639816,-0.9390044253308392,1.0975937436195273,0.19137207156808378,-1.2061811460451288,-0.5256377766596008,3.5049395421751393,1.3506913013604307,1.884052906255513,-2.783905889405631,-3.742495142175203
-107.0,-2.473686602635838,-0.8131687047414644,1.6605178978943878,1.6801864640414064,-2.0415146095510357,0.4545674938204649,-1.7616297486419104,-0.3282849629055833,1.3630071568473832,-1.65366969184949,0.7716764427894457,-5.510008240493361
-106.0,4.754521380190106,1.7450228487212893,-3.009498531468776,-3.278844808351284,3.8332871576933742,-0.6025761731988665,0.41189965882507673,-1.0584517880975741,-2.130431191185456,0.3111208984203036,-0.029792342765344926,-2.4908911694003066
-105.0,0.9999057083830682,-1.2179550887198132,-2.217860797102818,0.0909588862940014,1.644587295186036,-1.7666320983894326,1.8574197897705607,0.7944987799664509,-1.6626966538622678,2.0778448412463058,0.3463774753584718,1.3914058189613339
-104.0,1.1509840674494003,-1.5630381352135039,-2.714022202662861,0.19378524458527435,1.9739766108960952,-2.185798921756779,0.6181040905728772,-0.7472767161432887,0.6068599720293619,-1.0938963311591439,-0.08969108463325809,3.5368931937929005
-103.0,-0.9265305150683535,-1.756226805925723,-0.8296962908573546,1.3282205093123929,-0.08122470757408429,-1.2592975258761208,-1.4782369917478466,-1.0286367452256782,1.4294930924141995,-2.2579176676886985,-0.4360936091913794,0.3060197821126076
-102.0,-3.0902606702286346,3.3962413448078763,6.486502015036488,-0.17324597131038888,-4.819136123265202,4.97789061320649,-0.35768339040409314,1.5745380637973931,1.0552689320346322,2.74702383617989,-2.2751146321168725,2.2533894833496935
-101.0,1.3673716950406918,2.786578528428894,1.4192068333881638,-2.0295154138483023,-0.05733464339536942,2.0643054263444323,0.2570154270857992,0.654117113445096,-1.4795492629941365,-1.546754782612866,-0.2898403542374983,-1.4769965153756925
-100.0,0.6623752042797838,3.670826478949759,3.0084512746699517,-2.1311792838349186,-1.128362462431102,3.3842905710677726,0.5259120178580237,-2.2901968719603976,-1.1004127108636297,-0.31872244790934184,2.1942779160043657,-0.08700428855593983
-99.0,-0.4214718440472076,-4.143940590563811,-3.722468746516614,2.2289082204331256,1.691968013009893,-3.962081014735221,-1.9641953431957528,-0.9793002584522474,-1.9769470541453036,-1.72657302192858,1.4337227127504761,0.12091664234728938
-98.0,4.112564504736684,-5.903646396412019,-10.016210901148721,0.9131304474486486,7.02492794332289,-7.98309091060433,-0.4113927328708147,1.3181668130718425,0.7199683080125162,1.31849584008712,-0.06135942422168805,-1.053890583619394
-97.0,-6.029973621963561,0.6865819495856424,6.71655557154918,2.6853882844542394,-6.412739719431706,3.684285238756356,2.7293930238235355,2.9575081685601083,3.7624352010218693,3.0669574555476293,1.2356385118761934,0.1668488945799167
-96.0,-3.0746407952908483,6.169826022054023,9.244466817344893,-1.5348837667523991,-6.117785388145215,7.774157983986113,0.8929059935545369,-0.5086089961878659,3.071342525131687,2.0713541984695127,1.5603931197583583,2.9696541720427514
-95.0,-0.6796826483739177,0.41684470893550385,1.0965273573094554,0.06632538913420627,-0.8419035000165511,0.7493399647930832,-0.4120660535545536,-2.480011819631136,-2.0306297575279624,-1.1574045306497096,-2.473204435877701,-2.532786639126554
-94.0,5.803736506467263,-2.7560654159516496,-8.559801922418892,-1.5082513937746542,7.1542605651884355,-5.663158814080486,-2.0422931689037185,-1.3783640914490036,-4.042358785992678,-5.818484904960614,-3.3382971155232735,-3.422374619853017
-93.0,3.9076925298333363,-0.4905351883246314,-4.398227718157987,-1.690767499660189,4.129478262147606,-2.450809078887671,0.44458679065734286,-0.5053903189718822,-1.542195348671453,-0.8237785937983859,-1.2218664836317932,0.4548892156843203
-92.0,1.2677828959239286,0.9146992313087847,-0.35308366461521823,-1.071341620760324,0.7887149797428927,0.2694734635664726,-0.993966597474042,1.838463287610551,-0.08721899042220294,2.4798956669504983,0.11361313990321231,3.235813012897208
-91.0,-2.265439296005862,-2.610239493742258,-0.344800197736482,2.459382526036914,-0.9829496779388749,-1.4966829731436908,-0.7389007449744497,2.3737287016528907,2.572885425576765,1.0008391453671575,2.263692307029021,-0.728066356137224
-90.0,-5.090122266629365,0.3205330958633161,5.410655362492607,2.328651837893008,-5.197447556419817,2.8376438937561272,2.2098939353770812,0.988818349723248,1.9295479380716432,2.83305851614035,4.835497956263446,0.8482513747782487
-89.0,-4.204151439010357,-0.9969052828277211,3.207246156182607,2.6238649158776775,-3.6574041577725076,1.148776251609004,4.22826603464133,-0.5162455166058664,-1.5636421211273355,-0.20361727450377498,-1.8988063470668624,1.2752953240377778
-88.0,-0.17052650915153356,1.331498904528299,1.5020254136798417,-0.6347397129864831,-0.872102198491695,1.4569048628873915,-1.3336772758940414,-3.0963532251397523,1.5435958399431198,-1.8634808567871644,-1.4603873419664195,-0.7052800336757039
-87.0,9.011646010058199,3.7574071679754626,-5.25423884208271,-6.357353676612287,7.091604304136522,-0.7859588872915204,-4.087466533422874,0.18031590041543177,0.5556966710082774,-1.918616215563054,-2.0311023824888483,-0.7274581771042997
-86.0,1.8484327405109306,1.9189198468936182,0.07048710638274924,-1.8514741564981718,0.9213682632860349,1.0406038955090426,-1.7286413455647567,-1.1460474098254798,-0.6712125521912675,1.2910026511813395,0.9116128151430732,-1.1875159361357548
-85.0,-1.1812326603080292,-3.228213199142857,-2.0469805388347426,2.244262317301996,0.38288237640762945,-2.6642988909814944,-0.9334654174300872,1.0212160915240835,-2.709720071188724,-1.5544528862081664,0.06014362480402413,-1.9069799419090003
-84.0,-3.749251997695722,-1.8839697841501095,1.865282213545659,2.785879244253745,-2.7797606953990073,-0.03091145349432689,4.832275229131982,1.9846360628304631,-1.6679366627605274,1.3727609821391487,1.020295272641279,1.2922650247919056
-83.0,-0.9733883341862235,-2.3949017341740815,-1.4215133999878646,1.6611342479881794,0.253390554631731,-1.9273432155595205,-0.3593242176719058,0.5960462010665062,2.659396345704632,0.9658942238162882,-0.20969667626676958,1.2743602086025112
-82.0,2.595001104139566,1.7493358639965462,-0.8456652401431433,-2.190035494520944,1.7544793945246258,0.43215739392652963,-1.7650061485493624,-3.305039625320071,1.1148838242938637,-1.1955613171091186,-0.38617420654858764,-0.15501463963682904
-81.0,-1.5870134603248147,2.6628794158489506,4.249892876173616,-0.5542306649971491,-2.9561816266584957,3.513005036633515,0.42797905736082453,0.524248374879209,-0.2868357349268197,1.9335865701303587,1.5386983035560486,1.553090521282941
-80.0,-0.9972943648961857,0.9041652195596934,1.9014595844557651,0.10709408706254309,-1.4795972311832148,1.3780179707991151,1.4546686109713256,1.5169380972243345,0.07477635954238782,0.345331430321739,-0.2907188852023774,0.1255230126605707
-79.0,-2.9104952957955286,0.1106834927341771,3.0211787885297015,1.3771634551359524,-2.9892238283291657,1.6184687669322861,1.9031551966799052,0.08619613125270531,0.8267390659891246,-0.860600251282249,-2.078028815131088,0.5445417112442653
-78.0,-4.147927908494279,-6.711364383804002,-2.563436475309633,5.4009535070796995,-0.73150797457661,-4.663167967564956,1.9463453397453234,-0.10913906573807347,-0.5037614154036645,-0.803709340643864,-1.2379266224865124,-1.3608716778067425
-77.0,9.51306280752961,0.9133119541150658,-8.599750853414456,-5.169539414775845,9.042043590715961,-3.8669741948764442,-7.2224295822222695,-0.1975560976112371,-4.1710788801303105,-4.2039144747054715,-1.4600987251404065,-3.875334930794214
-76.0,6.300270956057887,4.109805984514993,-2.1904649715428612,-5.167716831216628,4.232884233938194,0.9386251650319846,-1.0770161928454507,0.2232813691500366,2.0257163878953843,2.4034248205910655,4.0894317463836325,0.9699408627957342
-75.0,1.925481070605167,2.237374013175962,0.3118929425707708,-2.128880694332338,0.7942863915460958,1.3347488168244772,0.65238995482475,-0.3481269394225555,0.8248639783865006,2.276015813561719,3.2547096262053783,1.2537601515810033
-74.0,-4.585267025982352,-0.3904922523399037,4.1947747736424015,2.4349373397090344,-4.326067216442218,1.884847514256418,2.6327352166687024,-0.08764030378386126,1.6927708506319257,2.2698772053854803,-0.6457716975117918,2.4465489462680994
-73.0,-10.186024660226556,-2.701729835883344,7.484294824343192,6.46526220825161,-8.854979871744648,2.3739134058616456,0.6171662525720314,-0.2795234824384711,1.8978097582751496,-1.0651756544903042,-1.226828994228199,-0.3726868391572946
-72.0,-1.571564566474697,-0.2090197436188197,1.362544822855888,0.9090532382034415,-1.4948477510670637,0.5580386823887606,2.773674934304518,-1.0565065898348989,-1.1898733103936965,-1.479334363418089,-4.381730552252312,-0.825252886882736
-71.0,0.07623532842398739,-1.9596692928116224,-2.0359046212355554,0.9601042499150512,1.017847574325036,-2.0186737640697725,-1.868366805776532,1.10890528529158,-2.640199868588527,0.3279413696139115,0.7978679988831616,0.33345991252578006
-70.0,6.1453965674289215,4.158437393500709,-1.986959173928181,-5.1319804147325465,4.095240243448076,1.141046110950116,0.05817982035374769,0.7786741222796234,-1.7063291680810613,-2.762544645672057,1.4454389687276188,-0.1929066853915327
-69.0,5.611070937481891,-1.0186860898562338,-6.629757027338129,-2.2739374690641796,6.139082820601267,-3.771944490306498,-2.357623560272719,-1.202253967032231,0.5801023887727208,-0.4740066087508016,-0.9738572462684791,-0.17122363313654104
-68.0,-2.869512009941567,-3.687360317302816,-0.8178483073613259,3.223610629139821,-1.0143101790423494,-2.283259529543606,-0.7753001581174199,2.590271777711209,0.6097678289313461,2.885380976733704,-0.6508622463029159,-1.7320087491133185
-67.0,0.5911377087326967,1.3093092120712368,0.7181715033384417,-1.0048321094332813,-0.05431752243597432,0.9769428926018144,-0.4898277174906453,-1.4028663550446685,0.9550352434883215,1.4534570973688568,3.3424571773869993,-0.8117651710340789
-66.0,-0.6746601046921774,2.8779360532731366,3.5525961579652177,-1.0783196452252541,-2.18011390507853,3.1702400798521757,2.707083145723642,-0.6138159421922895,3.6782099954041514,0.05251442883787938,1.6187064558060824,2.8998171219523923
-65.0,-2.6082291894379845,0.569440928916318,3.1776701183542633,1.042341910059036,-2.8728276587327204,1.8980773181476729,1.3762534210064683,-0.7385716975399019,-2.1651032745807006,-1.5854254177340883,-2.0984664531680446,-0.700746959048034
-64.0,-1.237339695807571,0.7882310203219267,2.0255707161295566,0.24932199476030348,-1.6004035950891724,1.4234300817575016,-0.4645713810365344,-0.8377239472070905,-1.9489306821550068,-0.940560525049365,-1.8365862327598728,2.631828191587354
-63.0,1.1219164122791696,-1.7636679498653174,-2.885584362144391,0.3506340533847868,2.0461525791442075,-2.312485808376798,-3.1163568654953213,0.6715242036218656,-1.283564325147501,-1.8255872115727296,-1.466848959474891,-2.8687213809574663
-62.0,0.6160868061995017,-2.6101039113069815,-3.226190717506382,0.9558297388431557,1.8935088000752067,-2.9052490596544884,2.1901658573866394,1.4226263154535486,2.370891897259356,2.0006621937969715,2.499355279679931,-0.7616599207590912
-61.0,-2.0531130968609257,-2.4141824577666293,-0.3610693609056388,2.2015378838982937,-0.8700949553374506,-1.3688269013459515,-0.7084127805401842,2.0042803443648767,-1.2165826361482557,1.7849330233693088,0.1401616531388027,0.2952991565911054
-60.0,0.31209803283275334,4.05526399793764,3.7431659651049336,-2.1288903541180217,-1.7421739776373206,3.8487360813141773,0.5059430387227237,-0.5005531809544498,2.1375786300496937,2.758670955150693,0.7349350884617365,1.6962047596568544
-59.0,-0.30475677405597434,0.7957038685810522,1.1004606426369903,-0.26423973612583995,-0.7367579998577021,0.9868554334337294,1.612209811374285,-3.3517031090813405,0.9642805437524404,-1.350889029445138,1.7531875979389124,0.2637450036147161
-58.0,4.716179940422851,0.913598358678983,-3.802581581743981,-2.832717923080505,4.29451580678213,-1.4755512540952387,-0.9522634762396601,0.7923020863240195,-1.3505731271029249,-4.483080002784073,-2.2923098225505893,-1.1740143462111163
-57.0,3.392248389128354,0.28243474757353315,-3.1098136415549424,-1.8587117568287383,3.278305169688756,-1.439294646658113,-2.34215759060819,-0.5001441160311031,-2.436670495942079,-2.2067395756611474,-3.7411246648220784,-1.3175399601520057
-56.0,-3.1391867492026306,-0.08594067921945141,3.053246069983076,1.6627714472540343,-3.0726174661432766,1.5380951250937152,-0.6226228847290436,1.209622695947629,-0.13022090966219335,0.2573603083123508,0.5951739780088592,1.9882807737455983
-55.0,-6.187314237575626,-2.819553761502972,3.3677604760726316,4.465682393038143,-4.752922846787122,0.24741963580783155,2.7547231426314513,-0.7029180746332553,-1.627827994121318,4.833268585053594,2.641323115000036,-1.468107134156032
-54.0,-0.5460618028696334,-3.115299906349588,-2.5692381034799188,1.8622792938935604,0.9615005153836576,-2.8737172013951873,-0.5447531685794986,0.855598184932325,1.4889406059114807,1.2782311225702925,1.4325642313013,-0.5693572746646318
-53.0,3.1858272777733783,0.7256914231153084,-2.4601358546580165,-1.9320810942089837,2.8558325205794866,-0.8255508698929148,0.3599191613847605,0.6671897747107873,4.495320393797596,-0.13761997881445032,0.854427282679695,3.246759249399187
-52.0,4.973760003215995,7.118879547221716,2.1451195440057838,-6.1065537779948595,1.3700811326542564,4.6683840261665654,-0.07193499058395336,-1.659277546100978,-0.15575810880769803,0.6411232962663345,-0.14440370168120598,-1.6739952905005546
-51.0,-2.269015229897072,0.7659816990190547,3.0349969289161747,0.7684919111504964,-2.6982945300575993,1.8537621971534175,-1.4647395510876016,1.450017840277091,1.7253403972607682,-1.6037496851428223,-2.9631091223740156,1.367565853463044
-50.0,-3.2168645124174264,-5.142175882590674,-1.9253113701732065,4.199037979778219,-0.6182825441992148,-3.505139814417099,1.2016356076821433,-0.29226780556133675,-3.954457922858511,-3.09041001655208,-0.7993990197984362,-4.011665431948607
-49.0,-2.018188861628546,1.0327243465380689,3.050913208166678,0.4400834531525888,-2.5126858424197547,1.9890209293160823,1.2120789040110171,-0.6852125414830204,-1.97191187646457,-0.71715128592367,0.9071956001160004,0.7495316760537436
-48.0,3.6769212325036813,1.5657869763305792,-2.1111342561729924,-2.585406315044506,2.9121298255571686,-0.2485647650775349,-2.2327225379615614,-0.9607743042305064,-3.2874836381731627,-0.8564187313917676,-1.5132639530588885,1.4048108593433244
-47.0,-0.8087673883750245,-5.539454818349213,-4.730687429974105,3.2214574230927324,1.9787317971893248,-5.111566737524331,1.3611877140243025,1.574384158238801,1.762203186122109,3.279778153649911,2.5954588362697155,0.3170529521724096
-46.0,0.29093014159384367,-1.0508238174838758,-1.3417539590777114,0.35893035778722504,0.8371886871539913,-1.2502346060782277,0.42315969633234396,0.7976895171858087,5.457065957592849,3.5156028581524614,1.9336658959410047,2.88332459532848
-45.0,0.4753716250620889,1.386228684553372,0.9108570594911684,-0.945317138707557,-0.2705802985458634,1.177059821312429,-1.9477201429449715,-0.25616945756020787,0.08358448328034518,-1.635235586807565,-1.671138608051765,-2.780527019751032
-44.0,0.023248730428341413,6.146290509441455,6.123041779012913,-3.098954869652182,-3.097671047090423,6.169210180314914,0.7131713243395714,-1.0268732083787313,-0.40510840565322326,-0.8581022901286041,-0.982332942341656,-0.7506771383114377
-43.0,-1.4741989663881305,1.9533623467377388,3.427561313125697,-0.26038035253231695,-2.4165510228578224,2.653601884211083,2.358787221913375,-0.5696690422343547,-0.09603541453412645,-0.564819215031217,1.0917142962915376,1.2773228609696283
-42.0,0.5234547518386832,0.8934688821002563,0.37001413026148366,-0.6628704451684371,0.11176172585731248,0.6804715854109384,-0.4272262771716733,0.4086420147221754,-2.9665855037287616,-0.4209190536701102,1.4810757887266288,2.3114744798368836
-41.0,1.3297904475544078,-6.729725598792081,-8.05951604634648,2.6516975453233678,4.727686023034925,-7.42046548332491,-3.3795150608365443,-1.0926969079482247,-1.8071116939897887,-2.110968639407681,-3.455763403126359,-3.208713433092845
-40.0,0.9270678549449898,-4.5425985003679585,-5.469666355312845,1.82440010744028,3.1486318139992444,-5.03218757995405,-0.7039446666540625,0.7761807032523825,-0.5619313571196757,-0.4966512640457339,0.22531516507525962,-3.9598950660029257
-39.0,1.366493422262077,1.987279151947864,0.6207857296859154,-1.6689223155502708,0.3185573623060287,1.272806063737009,0.22904593323088562,0.9752873351829113,3.6025099240424696,3.295725208465605,-2.083094551915904,0.04855854944396398
-38.0,-3.1944063101842977,3.0976192566560004,6.2920255668403895,0.055489866554687954,-4.721826284766835,4.733078028323347,2.111357536662176,0.5352121045710495,2.291323770814288,3.7335636107450934,2.341311091135323,2.1101791195802115
-37.0,-2.2578490217597555,4.579391813163979,6.837240834923794,-1.1462389148704535,-4.525686909431796,5.735260390552805,2.165525238627337,-0.08519617485957492,2.3066191597294807,-1.2623316866901382,3.40550464457385,5.543314295309391
-36.0,5.619637658811837,2.728684462330999,-2.89095319648083,-4.145728473067818,4.28228071475,-0.06489781744928669,-0.3643510415098763,-0.9933630985540175,-2.997426106687671,-3.209320545945881,0.2740403432494507,1.6850986114826711
-35.0,-2.6943835402782828,-3.3333453744953947,-0.6389618342171626,2.980287342208155,-0.9914624261926652,-2.056140035547878,0.03264433634026892,1.425258672073211,-3.7156800721358327,-4.1261144650380075,-3.3793771746750765,-4.158542570419391
-34.0,-4.032426566769078,-9.38597026210591,-5.353543695336887,6.6909539829738325,0.6292365590016236,-7.363097838507503,0.075066221391065,-1.0321268593154176,-2.602646161007639,-0.6053458493373249,-1.245498139642939,-1.792461261854961
-33.0,-2.7162103485170084,-2.2915964337360184,0.4246139147809225,2.4960346720568047,-1.5917570321292964,-0.9223696361459468,-1.8113674874481043,-0.29687878219601016,2.4499967467907036,6.387502822813425,1.6377956402488756,0.3537293576526095
-32.0,3.935815766988147,4.652341981722403,0.7165262147342086,-4.298413323950541,1.594324621056348,2.706379637362339,-3.182597062176667,-2.073351289038958,2.949566402189768,0.7291915967477496,1.0387543946040911,-0.7302966349307087
-31.0,2.565077679662036,3.644250349312925,1.0791726696508768,-3.1122382618524167,0.728407262929064,2.3989229637733382,2.333310351184422,1.4189102791733843,2.09423113395996,2.577644173449505,-0.320982244577384,-1.3258652861985467
-30.0,3.9077151320690455,-0.16200767790510762,-4.069722809974122,-1.8100410255751886,3.970216170179433,-2.1411408210181135,0.9449499401728336,2.760715052223399,0.21693344275579718,-2.8212571392273915,-2.859202059352084,-0.13799605466058057
-29.0,1.4496284812411462,4.370362890915259,2.9207344096741563,-2.9369052170605143,-0.68214140283714,3.6334155700437747,1.4896401778187651,-1.647729246898627,-2.4025318372053075,-4.591756517642453,-0.5502973997247602,1.7950300139961692
-28.0,-0.7758954459740324,2.502183434583671,3.2780788805577163,-0.9009745819464896,-1.9810770624201448,2.884531332500387,-1.8129768476415051,-0.4464056270383573,-4.578141310226652,-0.6365910185232937,2.0336138975569713,2.757383150363799
-27.0,-3.0875746549947514,-1.3464484523639737,1.7411262026307321,2.2493448453363185,-2.453693058629739,0.19004834575938218,-1.7216955346209362,-1.217255285099364,0.6777843951971221,1.1539568997006533,4.191328948823505,2.995615927665953
-26.0,-2.4709612622196904,-4.085163783766202,-1.6142025215465523,3.305728750801943,-0.472512347042525,-2.8659583314115644,0.3737526336327903,-0.7585908750532021,2.190178190422533,3.999721720728706,3.126377518021333,-0.5978965496441211
-25.0,-4.317786512969018,-5.174402879921869,-0.8566163669528193,4.694988173998906,-1.6991651534899246,-3.0447983228327598,0.5299861463201818,1.7925324150382287,2.05953416466143,0.7653488449976946,-2.8204932060241403,-2.8742223422293867
-24.0,-2.6591720057265036,-0.3609271421038218,2.29824486362273,1.5421809622370255,-2.4494837059679893,1.0055952942677233,2.603595362540632,0.028586834151535567,0.7968078475137548,-0.09321236571593983,-3.804653579036884,-4.3085036589720325
-23.0,4.600223581356776,2.9900956271045427,-1.610127954252188,-3.833645432021383,3.0537502279910527,0.7190457333606305,-0.7956124792190487,-0.38035514650876545,1.2517798248445948,-2.890334845052491,-6.564373212538982,-2.2605660777187158
-22.0,4.3854614698555725,-0.8269636012070918,-5.212425071062661,-1.7286230550617043,4.824120348925833,-2.9915677447114453,3.917539540916027,3.6956778308953147,-2.3442736993315436,-3.7577186633197095,-3.4038901392153775,-2.528575132160692
-21.0,-0.22044408032770102,-5.279959427861415,-5.059515347533742,2.7329103010243005,2.442140122379012,-5.21472930746541,1.7173885285980584,2.7141899258900204,0.008517087064355389,0.5230471390077989,3.527882642435602,1.0771749864533828
-20.0,1.879405864453859,0.9188941031324093,-0.9605117613214462,-1.4069702307923824,1.361082208056661,0.022377019427552935,-2.74455837135483,-2.5221108244093737,-2.1490131528460816,2.702515520913101,7.434152038286052,9.901696770620179
-19.0,-0.728016854539762,6.948436765585919,7.676453620125697,-3.111493873550209,-4.1846278134732415,7.286105500192363,-7.097624893604301,-3.4798349243290447,0.7133983326312925,3.2578877878769354,6.471628719251584,6.640852440245055
-18.0,0.9126526531136911,9.660663479780982,8.748010826667294,-5.285337358012061,-3.901159774399255,9.183366078983186,-4.4891573156787885,-3.2363838332044463,1.7988862667447119,3.2605461513918157,4.6890866633151465,-1.1233756834798427
-17.0,-1.3451950012948082,1.5305697044975246,2.8757647057922906,-0.09293000472074353,-2.0934238702164745,2.181764188513047,-1.115279163986525,-1.6058031906774202,0.9671633546518514,2.0501797634552124,-4.727648030604139,-5.828183129133473
-16.0,-3.053216048547972,-6.304191349183246,-3.25097530063535,4.673238230447394,0.11804429815874551,-4.804845899954631,4.767184449360371,-0.2887811796389198,-4.64739474028856,-7.682201126424272,-8.091003942862331,-7.9661329306408994
-15.0,-2.042197684560843,-9.754822569461247,-7.712624884900491,5.885213237549694,2.7788248066067194,-8.691213732276799,6.660593574508172,2.353776641132721,-2.2192616601867003,-7.3011959705252405,-8.264664716462374,-3.4612088217431793
-14.0,2.7114760683914625,-0.40921553347509043,-3.1206916018666266,-1.0948379663753074,2.9421459231853775,-1.731449829015423,4.353453519230074,3.3490515782257617,-1.2813923392641637,-2.240699571031716,0.5577774794035024,4.265832346118309
-13.0,2.0545404346636476,0.3644570112155785,-1.690083423448069,-1.241249487622774,1.8234781657007029,-0.6358048158784695,0.9595632694535574,1.4990089926190842,0.7694588321259798,3.4298931551809213,5.559997427968527,5.598816865972299
-12.0,-1.4230545500590244,0.00891788998500842,1.4319724400441196,0.6667953780757558,-1.3936482392791107,0.6658627243774048,-5.3179898551927085,-0.21127366428103533,5.287626511791624,7.575560156576093,4.8014356078179325,2.9094352769527005
-11.0,-0.024702237604708577,3.048345435895515,3.0730476735003545,-1.4805967206813997,-1.5109845901513752,3.085355909909914,-4.79743307866579,1.3693929758076802,3.6714369179625503,3.302073524344129,0.06374874611454384,-2.467991859716978
-10.0,-1.0001066758919301,1.105322818327672,2.1054294942197513,-0.02732604226128732,-1.5898450843189065,1.553841741736178,-1.0878344191231246,-0.5494573782964818,11.099720945832669,7.052125991918284,2.0110504402861267,-1.9439542407051293
-9.0,2.517328730554942,7.613156303796557,5.095827573241745,-5.044983875921733,-1.2447710882880618,6.384787954463517,0.5114254811010133,0.9216836777668722,-1.4809258326545778,1.2665059825928622,3.1814095238820843,2.540190477604184
-8.0,-7.8086427958782085,0.2866776191292364,8.09532041500752,3.6977895713513145,-7.985327080625108,4.223588096441185,3.431151296036612,-4.869476425293363,-12.07376991084444,-11.845354550174092,-3.851200145190134,1.0677467276492671
-7.0,4.998023020444531,-10.009784790029263,-15.007807810473745,2.5166482295328514,9.96803253091189,-12.55427673409622,1.0451858656469142,1.1485233753276671,-9.723782188098196,-13.308884480727622,-8.098350299009041,-6.4561298337958934
-6.0,5.521543652197571,-8.952639774078685,-14.47418342627625,1.721565611563057,10.037874061708196,-11.681315234446625,3.8533297840116845,8.549421958146318,2.1851072386407964,2.0762295453231765,-4.193754806217374,-6.9317615488413065
-5.0,-2.002080535666345,-1.5704804985512957,0.4316000371149338,1.7883148423711077,-1.2608208641413388,-0.6187910111239869,-0.4067708304542179,2.0610649158824517,5.46864929872854,3.245629949416278,0.27999611241839917,-1.2194731156395502
-4.0,-0.6420846546920005,9.889024296824006,10.531108951515696,-4.623598288664268,-5.557082840917615,10.23598802701406,-4.566251440071824,-13.12826290621792,-1.1072557362112594,6.05806132039854,4.705835854338709,7.649694125349815
-3.0,-1.5064623909089867,12.146059653182624,13.652522044091207,-5.319340690101052,-7.554024581028939,12.92180746736123,-4.750976774597781,-9.43916894625772,-2.071481690396628,3.3646709941386437,7.233292514366255,8.134049457842439
-2.0,-1.5755164463862998,2.014169869550825,3.5896863159367136,-0.21515491546266396,-2.559368489016212,2.8217550206683217,-1.3271020686732695,-7.443428538354313,-5.723401435436758,-2.0599627874328066,4.381008014860811,7.386139950415353
-1.0,0.9837526006990864,-4.621350776500219,-5.605103377199535,1.8294056769156908,3.238380547384563,-5.173851455335664,-0.4947473853092488,6.915046367935676,3.323610078685003,2.673233475071081,0.6464920025437636,-1.2322945232367553
0.0,0.6078232286569449,-4.120784512289619,-4.728607740946481,1.7751056976390767,2.691594443714675,-4.407307277898827,5.521856511676813,15.639584248521817,10.493777836549745,5.889826184022054,3.31003121116695,-1.5935464252343876
1.0,4.5440919690972486,3.6702561254471444,-0.8738358436495623,-4.159221056080795,2.655044036428806,1.4156927264384676,1.1727463289525608,7.320892328695607,8.31604062286797,2.124016502685289,-2.819925284547228,-4.91801018144465
2.0,-4.9418717934461025,0.27100413720978067,5.212875930656729,2.3688655104655596,-5.050445587542083,2.760259016338444,-2.7545650680640947,-3.160571232556549,-6.695145836465899,-8.757517617200962,-10.486530721109617,-5.347441478990239
3.0,-6.0275430542065225,-11.32316768280409,-5.295624628596926,8.634553477340583,-0.3362358770217393,-8.368211406027212,3.9661574246898876,-4.824268358170724,-9.715164695830076,-15.005859442052655,-13.885622112514184,-11.66220648183806
4.0,-0.11490798549975478,-10.353404302158227,-10.238496316658177,5.274248855921638,5.094923340946501,-10.273459781901966,2.902312224281488,3.2441830647888708,2.674389838998744,-2.9757280966384885,-4.120173788110669,-4.947099658799054
5.0,-0.9687906443459087,-6.10868502284005,-5.139894378494305,3.500238586125568,2.043558209976759,-5.598132597965242,11.727799209286996,9.327129639825385,11.921265211968684,9.134281311892405,6.670830161458069,1.15201579597259
6.0,2.740268971191141,6.237859178174306,3.4975902069825158,-4.4500574861703655,-0.4173482226936349,4.819856289713846,-2.4488353106009795,-5.656301476834962,-7.735859458943987,8.456464997551997,14.031218137634191,11.24834786769381
7.0,11.748640981285947,14.827497951093545,3.0788569698064983,-13.251234152286102,4.377556956040464,8.989313300756496,-17.784708628503015,-16.18765892888026,-11.852754920710954,3.4185947450685052,13.736205161620623,15.870911059513059
8.0,20.606291901555224,29.953758754197843,9.347466852641451,-25.32474970921865,5.595175900503506,19.69143582384782,-21.14549390359268,-8.222341011652379,-1.2435455383817455,6.286377249803673,8.129195252568735,14.755760882893831
9.0,6.371925052560522,0.2905553726256933,-6.081369679935019,-3.3791405223193216,6.27242269946472,-2.930667038165142,1.2413585601483188,14.62691327896066,19.586303344321948,1.181639249066377,-9.754741888336879,-10.261325036974306
10.0,-22.233592072134854,-37.333449275391125,-15.099857203255736,29.81128569240429,-3.5990618182439715,-26.252551276678137,26.584073807296413,18.46670013379058,9.509009066440699,-13.594271516975507,-30.044664777109514,-28.898081642025016
11.0,-35.074234087066614,-10.048706105181516,25.025527981885865,22.586857530076585,-30.003203573157162,7.526826067456476,12.390522485320146,-15.647262877272762,-12.334325929183686,-8.30618520148493,-0.17445049265783652,-3.0040363978474733
12.0,-25.5609098646273,15.929055446749398,41.48996531137731,4.840140593134979,-33.55850673883005,28.661619394799825,-1.882031192585961,-27.922151950141277,-23.638803487731607,2.2987410371100543,20.20735089272729,24.06555671849708
13.0,-11.08707085933463,10.740869024390186,21.827939883725488,0.11868716913517385,-16.493228754506497,16.306338309463097,-0.41661087358660964,-14.647960318760353,-14.065322051472295,4.56074685129551,13.390321627557704,12.7330579775529
14.0,33.22135052565949,-13.92873582485943,-47.15008635051851,-9.620909854834018,40.22407768503895,-30.525514514510164,-6.752517467377065,22.07190650983011,9.181106095348412,-3.636226892832581,-13.818248652695761,-19.98931476925829
15.0,59.92234516828795,-16.14667452077445,-76.0690196890623,-21.86103709010948,68.02736344425692,-46.09910639456401,-7.921042202697542,45.60609691254827,26.781695361778983,-2.787824494724723,-25.400999764550665,-25.161714327568205
16.0,37.068376412664406,6.381932080661756,-30.686444332002736,-21.775868087942392,33.822074629227515,-12.144686016503972,-12.849369677388305,21.199652346360693,22.32576707228648,4.842888720462196,-0.9503724896369334,-1.405097011968417
17.0,-11.726010446449779,30.32578805721615,42.05179850366569,-9.270884437462696,-26.874495188481692,36.19917231079536,-4.961181099355612,-12.098336336019646,9.424442458287626,22.96201375172212,35.354958991797474,30.28642320521198
18.0,-47.10011743695983,11.73050564860711,58.8306230855666,17.63615655273001,-52.95947010881269,35.21808548874408,8.521247748200969,-34.50615700715534,-13.841380401369765,7.475441830921686,22.660454221449513,22.01428761720298
19.0,-41.26616222699457,-3.9156846356393276,37.350477591354995,22.622967892064374,-39.30897150535849,16.741310340227084,15.100093330065484,-32.92638470292242,-37.3937938688279,-22.082694604373597,-7.926292854400261,5.182193821207392
20.0,-7.316817447819631,-21.197139205934665,-13.88032175811503,14.292425398407367,3.2779145683855155,-17.506778808551836,4.4046085885794355,-3.6076664742453346,-31.00329293692931,-37.10402634697615,-36.34174869046993,-22.445775042327913
21.0,6.892585484535301,-35.38491765507389,-42.277503139608946,14.207782343025896,24.58240522863949,-38.8707247522502,5.120285464891575,18.646542844264122,1.2579820005819755,-13.602437120834457,-27.562093443185177,-29.00269749901588
22.0,8.38415581240739,-5.933324452996679,-14.317480265403635,-1.1792853037337951,11.354092251659015,-10.080483979796188,2.8220308493236574,20.21819659359103,39.63617127390035,32.200763993842116,6.466805791449659,-8.519482706424677
23.0,28.227400840083376,24.858583885323768,-3.3688169547593496,-26.570174785816068,15.811481881704468,10.714652176963865,-14.637681100971957,17.874364541396872,46.80654716988467,48.404893057633394,31.853450793789605,10.489052770424355
24.0,21.967776650243895,32.553365803089456,10.585589152845381,-27.283793567354103,5.7174087943253316,21.540702676818306,-10.218295882357323,3.321095732853699,20.945545407648055,22.30166207603395,24.554005494125114,17.969287115111804
25.0,-4.402460965227537,9.95934968102386,14.361810646250738,-2.7997903823923878,-9.420631882726914,12.210201489792707,0.98985363678129,-14.469952331630353,-31.60880705931517,-27.949468550281612,-0.8493983097525799,9.792549832098164
26.0,-18.65202706684029,-7.6462012589955055,11.005825807844142,13.206477696313987,-14.854363262877504,1.6490996977335755,2.172329256993078,-21.488324417175708,-50.09088222646463,-39.2394555671994,-14.26697481854822,7.834863868637527
27.0,-5.701544305572465,-5.079321064470843,0.6222232411012394,5.367867480641772,-3.1766514540524406,-2.18270910265109,-2.0873175308507133,-9.564716940315588,-20.431289315368616,-10.371591761554765,-0.7854373233455174,8.935141108161952
28.0,-3.6305658584498417,-21.703890383413107,-18.073324524963144,12.643319479385497,7.292601537840004,-19.923829733663727,5.849063831176222,7.568573077129204,5.139779238483092,-3.0603455089079876,-8.033092290566714,-9.909204188594698
29.0,-8.151307557325122,-15.877760184715036,-7.726452627389442,12.06860068263544,-0.2168494922870785,-11.839419869459883,5.062705220006565,9.226567029792001,18.291480729397833,4.247993523596638,-13.969000639331142,-20.23805345860277
30.0,-4.60643278656964,-1.3554233959243511,3.2510093906459208,2.9562553775731693,-3.9346294009474314,0.9875209965486986,3.130851657441562,3.743528401441221,15.438150990179558,7.224125958136666,-8.773849230260197,-17.133193746844054
31.0,11.050388987575028,15.33322565775887,4.2828366701841185,-13.216025463784034,3.371771575514968,9.846384668173673,-1.3604530885740662,2.5902090225514263,10.472565475303654,8.093305507635652,0.011188850414389329,-2.2129335375337247
32.0,7.625985021867425,10.741321534566662,3.115336512699165,-9.128925882137686,2.23341265081579,6.886642490941546,-0.3091533428495934,3.1729948706640676,1.4861116296408863,5.7602640245429235,8.425699719698333,9.355794211532077
33.0,5.646459703658626,4.191908213019936,-1.454551490638961,-4.94398465669323,3.5166907571033836,1.4042757700958628,-6.071688515705622,1.2817023860939893,-4.094480583286444,5.7131631029561625,15.67702022758936,14.111032880262734
34.0,2.1215684275631657,1.3424009669667756,-0.7791674605969106,-1.75889207986783,1.4839308617761213,0.23689940565386003,-1.202129624100944,0.14653957814655305,-2.19072730386391,9.431005480807405,15.260721526758138,11.21512109908916
35.0,-5.430001190038514,-3.1384639538959975,2.2915372361419,4.254107271429417,-3.8356072543672632,-0.46917831817486544,-1.1773569909671397,-4.605850771050365,-0.6291735391901057,0.14852614914847484,2.618803707902143,2.624169086214051
36.0,-3.106116518074174,-6.418080360527146,-3.3119638424533955,4.807077238490873,0.12409752634477167,-4.831318921997628,2.9080421308786013,-4.870333369997551,0.6141164067460441,-7.0295998687774635,-8.29683841600794,-8.684094771662902
37.0,-1.6892033522723509,-0.4093940243760139,1.2798093278965048,1.0909456468792804,-1.4629541028782214,0.4721495777296463,-2.3057282385497593,-1.7353134824292082,0.06988168276698481,-9.184503279927275,-11.263266809651402,-7.5515245564487525
38.0,-1.1077825333144364,4.990812478911834,6.098595012226858,-1.9812643912265449,-3.6569392828366487,5.5874065164326465,-0.1465479746609364,-2.2797432521115697,-6.388174336925511,-9.730066078539181,-9.082284908941467,0.6132539339080187
39.0,-2.537289550561242,-0.3651701012956232,2.172119449266334,1.4881580551607738,-2.4036954348992796,0.8743731131981908,2.4889238817206953,0.5522287190318695,-5.153711785103689,-1.7475790572862193,2.4410068408787557,4.79375381674712
40.0,3.2976352891992415,-4.625415284231169,-7.923050573430012,0.6202673279461726,5.644777263584087,-6.297407329875356,4.5509545535307145,4.217437829797561,-5.292842822332591,1.9305075358213233,0.29525059781019647,-1.2634170858047356
41.0,1.8450981277177463,-0.44771576811958513,-2.292813895837474,-0.7438980812996244,2.107315365314807,-1.390612216890935,1.114129660546617,3.5656778494132473,1.782645769463299,4.1433616227642185,1.4024929817535126,-0.7426508262361724
42.0,-3.4250503494144207,0.6447938949424059,4.069844244356364,1.4226946503917386,-3.7847483921049676,2.3357097523899233,-2.1287499865955617,-2.350934122687464,5.756163383476579,6.021408019457295,1.3646165027740205,-2.677557876204116
43.0,1.63838452957142,-1.0497310425543074,-2.688115572126233,-0.2615303822611098,2.207064650584158,-1.8166099854220954,-5.132077585508956,0.38844663670866386,8.855786229079488,3.1707400619010393,2.303665728957313,-2.826879574733626
44.0,4.440987861626075,-2.4181156780733026,-6.8591035396997935,-0.9768851961599285,5.6167574354866865,-4.671687026471339,-0.25762846127671324,4.436163844708265,5.196416749629294,1.453831201597065,1.4204908677159898,-3.797315135893852
45.0,-1.827832832624098,2.154739077163108,3.982571909787014,-0.20466088078932154,-2.9377786428038686,3.1081044856544287,2.040589781976804,-3.006790196827029,-5.33354245940776,-5.7906391285520815,-1.6548956205595053,1.508463411506686
46.0,-1.3753120069742963,-0.6984898162001563,0.6768221907743484,0.9991324742746199,-0.9805452641787442,-0.05406055307212432,-0.40596201560609524,0.7767265157135836,-2.7463434346281193,-1.8996084128231807,1.188729160524905,6.793869506293077
47.0,-2.742097884106651,2.455487912111272,5.197585796218361,0.18730225913007142,-3.9268927914430063,3.8613689614441946,1.6727288710169237,-0.09101674134397553,-2.652109638708149,1.2113257895781837,2.661879165832619,4.556098181422173
48.0,-1.4741803982726451,3.398809668014499,4.872990066287614,-0.9950266881625085,-3.2143554395147653,4.173079144904982,1.0656207119238703,-6.00666072572042,-2.5671661019903222,0.6621739734094663,0.44043605508913986,3.3088551501183927
49.0,1.584025572872342,6.849449327058591,5.265423754186499,-4.169693070283309,-1.8888669287725577,6.020185637442971,-2.1971556917794466,-0.8229869209112286,1.0102062998167693,3.5367822942312,-0.928699630054804,0.018998752714901618
50.0,3.5546550695585815,-2.431931260838123,-5.9865863303967295,-0.5927134286897459,4.792126086382142,-4.24155221352119,-0.4407229446363852,-0.7034502334577767,3.274644053350417,0.4052183774952235,-2.0633987817889645,-3.717507791243417
51.0,3.127116675843855,-3.47523635896911,-6.602353034813159,0.14305047707769003,4.87702908762779,-5.066483170450538,-2.3704861404386888,1.2909545474038315,-2.594379243995816,-6.510004115993995,-5.973950623184747,-7.218932314887137
52.0,2.9708385425925243,-1.0834137499943015,-4.054252292586999,-0.8950120989396217,3.5174088566727124,-2.513917230292158,-1.3678586558098327,3.414026584626341,-1.2878664624695388,-3.240326124755584,0.38403151921127243,-2.231372832714454
53.0,-6.5013269874779684,-4.836409397624873,1.6649175898529496,5.640691622668375,-4.082292403039889,-1.6065317084809294,5.79669675228635,5.17765496372072,0.9899677708257353,1.606744852477247,4.582003017455376,0.4510672382360421
54.0,-4.566869319907341,-7.180887539375707,-2.6140182194684605,5.92694705365415,-0.9754872077951053,-4.83743729373964,3.4205542498965125,0.06705823166387948,0.42174623219326524,5.109653364185143,1.884749938163783,5.095427453689142
55.0,-0.6639425158485035,-1.038749154690413,-0.3748066388419269,0.8278998070257815,-0.13974330861363127,-0.7250406209680585,0.14647140852177531,-2.917503544992564,2.48390352958425,0.5837693027762692,-0.15510801719896605,-2.009383706343993
56.0,-0.7946039613854,4.783905082604595,5.57850904399004,-2.01726749666907,-3.1753614082795565,5.161099427320485,-4.355829594062793,-2.4482210246625513,0.7259859408431961,1.2099170855375856,-3.406591157188039,-0.047266585359982294
57.0,3.5583597686517914,9.019161051962751,5.460801283311067,-6.312854741882416,-0.9328553603851875,7.215421396703846,-2.534767412964892,-0.872348611525934,2.1186133182418145,-1.9491032140522098,1.2150647356493567,-2.1772311521937646
58.0,2.9398861602951953,2.0902959810346866,-0.8495901792604017,-2.464463119008899,1.8409599662889322,0.5894118832130104,-0.19314114012054162,-0.20332351321564146,1.1779801023263248,-0.2627861075816962,0.9233048649106573,5.295559501048725
59.0,3.094396036907841,-2.5069277017104685,-5.6013237386182695,-0.32791382770274735,4.299637945244724,-4.012963657529696,2.2355031881963976,3.256927640812498,-3.129803452067708,-1.1826767531912563,0.7128235750492292,3.4996593621029097
60.0,0.2493050787997626,0.5859412049658761,0.33663612616610816,-0.3800340708886961,-0.00819720649113842,0.4976098609623447,-0.8055603087138195,0.28609867213741325,-5.099703793452375,-0.9225934695669269,-0.4322701335734878,-0.3274358944248805
61.0,-3.9599960898882043,2.052760147218277,6.012756237106439,0.9059298834160265,-4.945813754881872,3.9889174581486357,-1.2634362794176206,-3.651555475354102,-3.6012123437097046,-0.6261369812634033,-0.8539012377743895,-2.846471253042188
62.0,-4.178243550936536,-4.665065290325296,-0.48682173938876583,4.447966834467255,-1.799658684150312,-2.538520079484922,4.205604158203916,0.23565776681144407,1.4365121170599104,2.79382585067294,0.5218131638195761,-2.375740176391803
63.0,-2.298420709369721,-2.39262569116448,-0.09420498179474879,2.3698496984561097,-1.1297125085108695,-1.2791344581395943,-0.9401084535537911,-4.373271251041363,2.6204400950694757,0.5973783044346872,-0.7907854629750898,-0.2295696947671635
64.0,0.8925617006101338,-3.614559564644746,-4.507121265254834,1.3077983303923855,2.6753763612767774,-4.010974434758351,0.6955208266710253,1.562305337843136,6.154552417453444,1.9978915251709313,2.2405177591448737,-0.9948658862907424
65.0,6.921973655830578,3.9100434949888463,-3.0119301608416755,-5.386201339252645,4.942238392607622,0.42600088650683343,-3.3636910262121873,4.19681090552981,1.8807373659923252,-4.074607732426211,-2.0125261205645986,-1.5637294577867487
66.0,5.559397677805842,1.1447129229743769,-4.414684754831397,-3.31567622983372,4.958279407627191,-1.6550113581232941,-2.2489865426407096,6.69821181878315,1.1537495052340092,-0.7246179558540318,-0.004443715417259686,3.0310474849683704
67.0,-1.6897859923402176,1.677011622128692,3.3667976144689047,-0.028144828045215453,-2.485205348831082,2.5014240666899177,2.3084229305302006,0.9764833473884473,-5.780306111696268,1.0425054012541244,0.23439243806150162,0.6258772245665047
68.0,-2.8515230238812084,-0.6689105333367662,2.1826124905443938,1.733734876420228,-2.4818105593454503,0.7330296568459111,2.5342642997577824,-5.936292586185864,-6.315600171057288,-0.49715316965517814,-0.5078852085256478,1.1758869322029524
69.0,-8.321970809192146,-0.9085005171875444,7.413470292004502,4.5962117705155805,-7.917858563391084,3.302632225791289,2.507314928162754,-2.701954200978956,0.80204068185704,-0.020196243047521822,-0.3821755772598279,-0.6870481746784736
70.0,-0.25112246046124476,-2.676328841989762,-2.425206381528591,1.5297986761433562,1.1117347549139587,-2.505407610850275,-2.3390171223612963,-2.7278469888394805,3.802959111991371,2.0294844386113056,-1.121017141026177,-1.1604534374934252
71.0,1.8709966083180267,1.3769803113806698,-0.4940162969373908,-1.6318577539466692,1.2065559682913403,0.4039685369463837,-1.4030367927317595,-1.9504542511173768,1.6260754487116336,0.48112016810089775,-0.26307877550842784,-0.22147107004390665
72.0,1.4646738689172663,0.3673019771720176,-1.0973718917452349,-0.9211081007299757,1.2284841375924593,-0.32752802283939864,-0.5022884662483185,2.5970105019866967,1.1291764819577266,-3.113136459797682,3.2320966989156386,-0.8453335363487657
73.0,5.771272850300751,3.8615135471292654,-1.9097593031714213,-4.821363987446253,3.870494038935926,0.9305767339621052,-1.013556367719138,3.058148103905503,0.7627396178138026,2.0161304125855164,2.6121988211081524,2.9783291453670966
74.0,-1.1344310181273696,0.12931568559604356,1.2637467037234775,0.4948923571239303,-1.1651762834257346,0.6464526667818237,0.9503340011700608,3.2506090862181405,-2.55131365296825,-1.1639585368557375,-1.8691267904993152,-0.33688379623446296
75.0,-2.428054223195716,1.0942481648876032,3.52230238808335,0.6540861461745657,-3.0170285324230783,2.3318896491428283,-0.4318392926270247,0.8711450558054559,-2.078646347207784,1.422276250136377,0.7469157110200342,2.300897213284961
76.0,-1.0456746707663302,-3.0522213176588857,-2.006546646892569,2.02962347027849,0.4402924071430505,-2.5099680857460998,1.789553361914482,-3.276541776015814,0.16671390057003244,0.9548905477783446,-0.4929948743158259,-1.9578783653918295
77.0,0.6464041311173225,-5.266326316537704,-5.912730447655112,2.3630573297168755,3.319193784838922,-5.572318899407351,0.03531026268376125,-3.045505832664796,1.316500338935302,-1.646009472817998,-5.533997948011613,-4.864367863333074
78.0,2.796097189447955,0.975176015108763,-1.8209211743392768,-1.9160043735066772,2.270900692607551,-0.40552293327575084,-2.324996943918629,0.696802877478746,1.9095936561339546,-0.5576589100692153,-0.04439465117996377,-0.6215528501254124
79.0,-1.4697335222579988,3.101328275060898,4.571061797318878,-0.7696807374846106,-2.9762238892065778,3.8552965026677075,2.7188310850910655,1.5714280370817664,1.9719899746548883,1.4456936057088883,4.298588670937521,4.516918208510607
80.0,-2.185168250057676,-3.2435586384663897,-1.0583903884086747,2.6819210745284745,-0.5145749120684189,-2.208701436126906,2.0132836771663247,1.6055493471618585,0.11988205945483588,-1.464512156063691,-0.7945866866505966,0.6889302340897632
81.0,-0.35375250913978373,3.5920270248846964,3.94577953402458,-1.649613771921765,-2.174605679517529,3.79072924242825,-2.31939959607338,-0.7050825115560707,-5.732101788770525,-1.1573373808640635,-0.9682325935776723,-1.4247010187555722
82.0,-0.5040508637082967,2.271537469712624,2.7755883334209797,-0.8327455203212986,-1.6610857487960327,2.466008757397837,-0.99491019711823,-2.029187921093572,-1.600157521669263,1.121567023814786,1.7467755132805176,0.15990678931039182
83.0,2.073468363888025,-1.5562761277229824,-3.6297444916110546,-0.28384752563752846,2.830548399398703,-2.5729417857751002,-1.5946999585253658,0.2947453921552148,1.0149291444426498,0.3694248770784814,-1.5684475415531072,-0.8731441702876503
84.0,3.194661770355118,1.4077594361807702,-1.786902334174505,-2.3248756711215695,2.465827715267124,-0.16940157461319583,-0.028872047158627012,0.36687593978285044,2.878847923052365,-0.2632446376397515,1.8749821549218288,1.4502867268958433
85.0,-2.2045788296252877,0.5566419978821942,2.761220827507357,0.8794456647326465,-2.4363176017689177,1.6819948488954735,-0.4134864551380692,-1.8337677444920704,0.6962406395820939,3.393387684740906,1.9820234795284324,0.8134997493771025
86.0,-0.38150625220979495,-1.8856601088018263,-1.5041538565920847,1.1096470621112493,0.5206100270131944,-1.6656667223893098,1.2201911703573278,0.10214783548070999,1.4918954616362177,-1.5980957154004558,-2.0624354870405215,0.3659039950877978
87.0,-1.9313356339972825,-3.4692047929016554,-1.5378691589042943,2.6750815602284495,-0.16627058468918482,-2.5445402501172856,1.0612804448727045,2.2319704674931726,-0.2890507784885128,-2.103488584831676,-1.8736980028344563,-2.02902024105237
88.0,-1.1595488672349146,-0.457393381332464,0.7021554859025878,0.7820314412974017,-0.9053454228458431,0.09013006817168057,2.388141146501015,3.4271854746867474,-1.8294764779775876,-0.13345472455579666,0.6988755891786811,-0.17721730772596156
89.0,0.08325828925281648,2.2881448332625896,2.2048865440099084,-1.1342652358772018,-1.0372842896851149,2.299557202573687,2.149716262262649,0.48512488884749727,-0.0746345859568649,1.8522257431487175,2.317930018786001,1.1414568638341867
90.0,0.016858275378744014,-0.8666950608824154,-0.8835533362610926,0.475655675044104,0.39507946419378853,-0.8985178744003646,-1.8974280579288472,-3.1385537496507503,-1.1099901659265277,-2.6504450378363744,-3.8419781171200333,-2.443413186787752
91.0,1.3738484266908602,0.2577954509912548,-1.116052975699645,-0.8452345593637551,1.2691728077158075,-0.4554308790205607,-4.305878943840245,-0.19546288237975262,0.5257315065932109,1.3260343190003216,-0.6886546006050603,0.5502770568252364
92.0,3.584918942799656,2.397348806259837,-1.1875701365398963,-3.0238017282720966,2.33143902347063,0.649487501384902,-2.8456843587502645,-4.400123057246068,-0.033903515617180024,1.8491722721759931,1.0809686051595562,1.0501232118122419
93.0,4.340984167478078,1.8319170917308512,-2.509067075747317,-3.1249234514812296,3.4472278546249755,-0.38404762801224734,0.6088632771012923,-0.5913494326782469,-0.5187730777172173,-1.8247246932781684,-0.4053272214657173,-0.21579424699888627
94.0,-2.18956533205201,-0.7475512188880329,1.4420141131639073,1.5008547467119202,-1.7964893163389117,0.3679805455486249,2.7229633521234096,2.0041766269858377,2.609181508374332,0.7274962394020195,4.232866944202905,3.620915404449665
95.0,-3.726092786162684,0.6081745076687761,4.334267293831394,1.582624776440229,-4.0140701499978135,2.4807003779937804,2.377396118102516,2.7332123244404185,-1.9546921423687864,-0.8891568724977996,2.810074809341924,0.6723531114199253
96.0,-5.062509001344344,-3.415836469269237,1.6466725320751008,4.255792097540985,-3.340970383161987,-0.8830603173566889,2.1338291393353224,1.6555477863341215,-0.7022138063041855,0.0649812958203771,-3.4509119138196107,-5.824063667914866
97.0,-2.5286665687757086,-1.3798632328209355,1.1488033359547891,1.888939285427985,-1.904840643517485,-0.11746767246247103,0.46791266828857336,1.4895145226415143,1.8332324578028802,0.2168963024655572,-2.8341285314884495,-0.7853553160214659
98.0,0.12914017320597837,-4.666106926499484,-4.795247099705411,2.2842065221906713,2.4758911364991523,-4.731420133878331,-1.8914559892555196,-0.7500518678115644,1.355932656710481,3.254772482880965,-1.0603789129886512,-2.015931884607951
99.0,6.728413615450234,4.771437471639312,-1.9569761438108926,-5.725939796733314,4.359596751443767,1.4115984903287453,-5.165639957826196,-4.229037307213371,-1.905202784440632,-3.365065848755394,-2.1558964575717954,1.4730913228783806
100.0,5.103894666275281,2.7850956508880076,-2.318799015387289,-3.9073452018433503,3.733181924661081,0.24526541492587356,-0.02283918946467267,0.23306822250541126,0.48263667766652296,-1.1409737547430634,3.365036355192342,6.526205493267865
101.0,-1.4557168730442167,4.012657937803558,5.468374810847708,-1.304575205681696,-3.434570700968351,4.682875876516792,3.1802564765459023,-0.6044608906854445,0.6522077655413762,2.9586984500342544,4.109012400364157,4.431236974165476
102.0,-3.3023389992165657,-1.5120402035192684,1.7902987956972265,2.3954007936266555,-2.5926211326057884,0.16929492004139268,-1.2141956555156908,-0.30587429056109905,-3.303166976087288,-3.4893162864615634,-1.8709656599785374,-4.41838693811925
103.0,-2.3809390223591675,-2.6566056704385272,-0.27566664807937613,2.516674830391083,-1.0958257633059676,-1.4276797146674243,0.08452957373462688,1.8645814090729407,-0.38220001668465864,0.05717975907484418,-0.8149537740257117,-3.9414970465796735
104.0,-0.973273496217347,-1.2543925370213072,-0.28111904080390615,1.1145031564464076,-0.30975308142442026,-0.8010436222010219,2.2074473217502195,2.616384250922142,0.21815662523295987,2.6618954282336675,0.21672525104924023,-1.4016766257346651
105.0,3.2668610938386724,-0.31188470780690847,-3.5787458016454847,-1.481368538178237,3.457944551928735,-1.9731918703842388,2.8496023895939984,-1.1768743807835764,3.364715991664416,1.5740100025046022,0.3261555703198627,-0.4774585719010922
106.0,1.3075915655440409,-1.0782446694701613,-2.3858362350141373,-0.12872517806047387,1.8010617602511965,-1.6775262264780726,-3.0959884795817514,-2.2792303976256076,1.6001726682933646,2.067484179321419,-1.4664660052915515,-1.2116917056072047
107.0,-1.2325365687338798,-2.873574929229933,-1.64103836049607,2.0265442931838673,0.23579989641124977,-2.279768758721666,-0.18336084897242233,-0.9034334616637282,-0.9761654692258688,-3.1599561046308278,-1.9391530568192135,1.9637585042396268
108.0,1.9373222213071615,5.663447940458812,3.7261257191515527,-3.7589308620310984,-0.9414714205717096,4.672184027368417,-3.683895264554472,2.216554759997541,-2.736646557940902,-5.114913769914515,1.2788491037337661,3.3742368464177277
109.0,-4.074186726502138,1.886223143021791,5.960409869523839,1.1296617470327655,-4.983172575294418,3.977441422604584,1.9028016220335997,2.8294545202825234,0.38602871473397715,0.8820352227787387,1.2980283735438094,1.9876663829761567
110.0,-3.0354407489848656,-2.1482637465785586,0.8871770024062626,2.5496591988432438,-1.9226167193245254,-0.6588566534724962,0.6612106267096145,-4.789292855452718,0.13187650673203832,0.34421954370291585,-1.1170963250453094,-4.236376267820913
111.0,0.8716983871854258,-1.0180400637803295,-1.88973845096575,0.11675269040241987,1.3462806195611698,-1.4870267727989486,3.0481804775895407,-1.217464629564089,-1.3861216097149827,-0.9718948720735442,-0.16996247082931976,-1.0879575627645988
112.0,3.2816470225059535,-0.5229398819618336,-3.804586904467727,-1.4036823283908726,3.5136854014621592,-2.123207060982954,-2.0173958973707515,3.3119571718329484,-0.5067302240840477,3.405799624967316,0.08477848782445421,0.3137761647208557
113.0,2.058050047984667,-0.3383246337921466,-2.3963746817767513,-0.8727929878328897,2.2791819454398388,-1.4096726177943781,-0.5587665461119484,2.4706687194346526,4.6561260648203815,7.956011918269713,4.13999040042543,4.833771695243387
114.0,5.105786448880206,1.778403170305059,-3.327383278575078,-3.446117849529849,4.188850872577019,-0.7401684532068413,-2.5385478544416915,-0.7842621402474657,2.2429617425328345,1.3195395801587249,1.2949829953712193,-0.7686561870422259
115.0,-2.038476044292824,4.859535444229394,6.898011488522304,-1.4100398509790826,-4.500891260433503,5.913666862455207,1.1211458415647924,-1.8785997393322775,-2.441404251119181,-5.183211937124128,-2.2519346518126193,-0.1452495873898288
116.0,-5.037342000209351,-2.261271489670732,2.7760705105386436,3.6496304576993155,-3.868804778290502,0.21675675640068048,1.4973316044622775,-1.6443971281815872,-2.281899554781277,-7.200858756038983,-1.1793943590774483,-0.27632731230136987
117.0,-4.826087265766628,-5.075082460537431,-0.24899519477086418,4.947305508695134,-2.2605808143756527,-2.697547985300563,3.609428075266374,0.18515925449478499,-2.5996902491296177,-2.675106542607527,-3.6166237333763367,-4.861532345541112
118.0,1.109123127436244,-2.667293454357214,-3.776416581793555,0.7709593025758767,2.3823920929863514,-3.17279377892794,-1.620977502785865,-0.38054984685631954,-2.2181291584185603,-2.4282268528080637,-1.8879881194106416,-3.8465853831019796
119.0,1.8978875028101145,0.6641107520392457,-1.2337767507709287,-1.2929437171469502,1.5771019406556803,-0.30954852006521016,-1.741672868444901,-0.7835687295716027,1.439372940628135,3.769386470583093,-0.07531180055364614,0.8633451130306855
120.0,3.106994921697548,4.632448590549098,1.5254536688515037,-3.804266478356138,0.7991349830913768,3.1354997963309597,-4.1338930751208744,1.8350255591816034,2.600594169085935,6.938111723614357,3.8162487698347642,5.952391845049235
121.0,-0.9919800819637281,-0.1029309726040073,0.8890491093597216,0.5352756718896488,-0.9301045822825946,0.36957254098071823,2.9378277058038966,1.5456706018636672,5.0922793395149215,5.208798936492751,4.595224836532831,3.6383463235600177
122.0,1.2396404516542363,-0.1341997052834698,-1.3738401569376788,-0.5627985937372962,1.3236009896999013,-0.7831458352638374,0.40577845478344,2.140263051526076,1.759981479465036,-1.1005069759532682,-0.5293014669577927,1.3365925825071248
123.0,0.7540722742972595,1.0347194580420145,0.28064718374479414,-0.9037256620300063,0.2626398932723131,0.6192662260988819,1.2101463914545234,0.43310406544563906,-1.4198488017521778,-3.8356947999835147,-1.8080010261832031,-1.5536603716029855
124.0,0.5626262107530788,0.10218373899190855,-0.46044247176112274,-0.3445500195345625,0.4679418722389223,-0.14970825888225497,-0.4585421991980557,-2.483031365408417,-5.839297051305583,-5.145454051251754,-1.6787533600774258,-4.128048522305857
125.0,-4.843401389127526,-2.546245966591852,2.2971554225356874,3.675141339478414,-3.606665598720698,-0.10482546743801907,2.6333258297760556,-3.163238686786338,-2.9072049736651078,-2.9677129787617558,-0.6859335304208616,-3.358823460457055
126.0,1.4654240706231114,1.1724136799180553,-0.2930103907050555,-1.2717315767292618,0.9256871875320387,0.453613471809415,-1.1974999631412617,-1.3677623618453356,0.26117521827629586,1.8470776198804906,-2.607116749608284,-0.10492158396575935
127.0,0.3528981874056617,-0.424373418287606,-0.7772716056932706,-0.010211098989279188,0.5342051778452035,-0.5872003112409879,-3.1379171970824697,1.5649538122962532,1.192897418533709,3.0284743816921518,0.5484372658113241,2.9926369459120856
128.0,1.8839395570023012,0.8541365403809114,-1.0298030166213805,-1.3503767819334465,1.4262174836807164,-0.14764078173742912,-1.8777728951955357,0.8015855849970681,4.18597360965507,4.726884727179609,5.706720055625404,1.961201828560024
129.0,1.102900490540776,2.147591860408825,1.0446913698680802,-1.6176120706873585,0.0780787591072426,1.6246266931153637,0.9589359967051718,2.109724810876619,1.44267911674542,0.33998960407345047,2.3526826041970805,1.993653478844664
130.0,-4.309542401284233,-0.7538289635291816,3.5557134377550925,2.5335705779534052,-3.880985479255412,1.4407679267649214,2.028675864035008,1.93308997219935,0.37734620989315193,-1.9766605422570431,-1.2861306618209623,0.4059687397881495
131.0,-1.5984163333928845,-1.6834074782697086,-0.08499114487678394,1.6431851732018274,-0.7795350900715974,-0.9127860651042934,2.4981794165542377,-0.6723421344996747,-3.1842349044299603,-3.3362410328272167,-5.0836952434110385,-3.2660012977476125
132.0,0.6442372352161443,-5.50010547500408,-6.144342710220219,2.436079724870796,3.375980865248784,-5.843897519511983,1.2222156576994616,-0.5450883660458974,-0.5517967762378082,-1.7352703318460154,-4.314826253392358,-3.4394990981711047
133.0,4.690444397781192,-0.913939729321906,-5.604384127103128,-1.8706586256715148,5.132013385754657,-3.2787052834390553,-1.9401698303217203,-4.4617258650468665,-0.9760387864241996,0.13464227339523593,2.988993989918526,-0.7403530529232043
134.0,-0.19659436705661193,0.9036222794119801,1.1002166464685426,-0.40416350270206225,-0.6638027375124551,1.0585483976833108,0.5602744686400667,1.2139924485783125,0.6812443619328674,1.1704186430069854,1.1829812521576686,1.27680569680714
135.0,-0.02571056061050081,4.968921335988842,4.994631896599309,-2.434256808996353,-2.528609769618852,4.953802913634726,-4.131370066456704,-1.587389253159626,-0.46901852256339455,0.5058861117586217,2.3896864884535978,5.337293354211603
136.0,-0.8152671431425724,7.5244577193177955,8.339724862460374,-3.3894586676166365,-4.522278494985287,7.8973131784236745,-3.056117555675738,1.8833251802773545,-0.01570538865427029,2.9001647865116316,-0.912873425909946,0.8220769614005348
137.0,-2.561908511354337,2.7094355036369566,5.271344014991355,-0.1051268908087144,-3.9457521600532104,4.029131516407281,2.5529405444551174,2.2436856004765553,2.302792532080463,0.3654264550196422,1.001565166126862,-1.3136088104591754
138.0,-1.2228427858184563,-5.212785517027166,-3.989942731208639,3.2662160870443904,1.4284644927272707,-4.564272522292188,3.649608822729204,1.4869923465716361,1.9200540596162758,-0.15458449850378345,3.098911141218868,-0.4821886266775558
139.0,3.7812246407915175,-6.4620417868548365,-10.243266427646335,1.3881980580359485,6.975313560313772,-8.391454457228342,-0.20394194269054955,1.7636364450531066,-1.2758046081300822,-2.9031803636487883,-2.0757396429057158,-2.9113779845727983
140.0,1.7317006323790634,-4.94296313881575,-6.674663771194833,1.5730485765850792,4.2435576620534725,-5.840619622682372,3.1688314662004125,-4.1919359177352185,-1.9627025269306024,-1.3486010914224376,-2.8564573737282606,-3.2836193461488135
141.0,-3.5203265018083534,-3.210178216205563,0.3101482856027138,3.3302491386953603,-1.9536987655964104,-1.3934835779802737,1.3765415651129222,-1.634306487809898,-2.083080254532817,2.675170468318184,-1.2323280444158007,1.7615647775114311
142.0,2.5585526686619104,10.012859970242266,7.454307301580297,-6.245130410168686,-2.4852400882130103,8.72120828369666,-6.718554215655793,-2.2328369129285077,0.5453513930297804,-0.8236563171321389,-1.5578693863503374,3.683164940432616
143.0,2.24761655298699,4.573885781345946,2.3262692283589144,-3.4525696274010125,0.004562693710496113,3.445204439622765,-3.6490579843265065,0.5366284364381408,2.164640710031638,0.2666668512359848,4.288709480373782,2.4550975438169607
144.0,-6.81295313481249,-3.428547262269558,3.3844058725429322,5.154305049624703,-5.129171094585969,-0.023990047782457058,2.3186682697201415,5.53528871253334,0.7777669505184093,0.001573980933677832,-0.453968869082205,-1.6668003920075183
145.0,-2.6390440289831725,-0.9499494813318596,1.6890945476513144,1.7473285113365746,-2.109329201323111,0.36488066238753003,1.4370894869474846,0.5948954685198617,-0.2517346563978632,-0.7392619125056575,0.6188795627403522,0.2133297010089112
146.0,1.6505048979522632,1.6094486194689632,-0.04105627848331789,-1.597789840483118,0.8299070404608164,0.771277845467462,0.3568759373609631,-1.7714311562872769,0.7081194817828942,1.9629151931936475,-0.47621803486145764,-0.6102261870625245
147.0,4.621280159193491,-1.0848490429566933,-5.706129202150208,-1.7321315819254872,5.156286349685329,-3.4203662373559536,4.234425920784289,-0.9019597278484945,-1.9345254661325924,0.2578476773154599,-0.24677574740235816,-3.914372573829125
148.0,2.3223261066453187,-6.275814548956801,-8.598140655602151,1.9411003421932684,5.459634087776001,-7.396107379074838,1.8775354432814848,-0.37754782150595745,-0.9613498337098254,-2.95257360106035,-2.020159519751467,-3.0400076403649545
149.0,1.6845763789696793,3.6804596518330492,1.995883272863347,-2.709201318549343,-0.1530601978138617,2.8678335462652407,-3.1938909919320535,-2.45313885014344,-0.10533076125527219,-0.9497126531082559,-0.05233803448882646,-0.3774230815067954
150.0,-2.6849863238141567,2.878023507620031,5.56300983143418,-0.035559140999707084,-4.123190298601476,4.16416581607546,-6.346424166290127,2.5250592721576455,1.222941983172368,2.293559236928054,3.7656858153063935,8.58012435016188
151.0,-5.6242572728485065,3.1150703454232187,8.739327618271743,1.2432813416285151,-7.187926826338223,5.947189814314795,3.1699834442429458,0.9898846122299456,2.554496560830587,0.9010697367447168,1.6425361421429043,6.761081570771929
152.0,-1.2515881670962954,-2.7989634600781397,-1.5473752929818163,2.0160145799671008,0.1308670579206601,-2.151194127266935,0.5600727489545937,-1.8288418005459592,-2.3941075142196193,0.4502836127215828,-2.7576513279281265,-5.472554438202492
153.0,0.7281222060877233,-2.247189331745367,-2.9753115378330772,0.7469530134104085,1.8222027527247497,-2.584443426104727,1.5564623327035871,1.6732677091756298,-1.3292349715406169,0.4816917423344444,-0.7113079129834214,-2.691082341973419
154.0,9.401305520886005,-1.9438196307252367,-11.345125151611242,-3.7493490448571016,10.41116661135645,-6.6907336492293,-2.533040538867554,0.019765607703561172,2.7487618509553355,-0.437456612371616,-2.4650321692531323,-4.640197115381217
155.0,0.877616172957628,1.7416090453476853,0.8639928723900514,-1.3406792565685455,0.03695806167145976,1.2614055708063225,0.5959500798832469,-1.9326812377653542,-1.843749914890469,-3.0947597899903783,0.1280628744415615,-3.0146526685567197
156.0,-1.7451507101675934,1.7011665062397527,3.4463172164073383,0.059952782042322794,-2.56895610475269,2.6143977871961868,0.35525975572760865,-0.17570111301594105,-0.9886685708676566,-1.6121939676853747,1.7724630324318174,4.093017133243139
157.0,-1.1137882867317144,0.06906267559901891,1.182850962330742,0.554196122938492,-1.1997829416078032,0.589832463299669,1.2856600813004653,2.3008013616577765,2.0668456550344536,3.0112655218556323,0.35285202681878713,2.1896229697309026
158.0,-8.717612273289213,-2.2182743453823845,6.49933792790686,5.498604101798934,-7.578348191148853,2.1845338533097185,-0.31703577150409895,0.39185247432550374,0.08522466481639412,2.0778573707805377,0.46463241559105695,4.014575048472861
159.0,-4.767511187624761,-0.9028036267430928,3.864707560881703,2.790178491100346,-4.361158291233368,1.5263015831576627,2.324313240277223,-0.3490185101798891,-1.0001164049062412,-0.5395295678106059,0.42627743232939763,-2.5727524699816713
160.0,3.1486956288160033,3.678721224323265,0.5300255955072665,-3.374835278794947,1.2677312760874837,2.0722613354147645,-1.369766902606746,-0.05471284647041241,1.6999243863935372,0.23255817538952891,1.07361482890956,-0.00033389264394523277
161.0,7.374422240958425,2.473250994398758,-4.901171246559734,-4.9593755127859644,6.178316244695597,-1.245380056477404,-2.394577889811246,-2.2953341669397056,-1.8708923808717497,-1.4561719645567381,-0.5103806551297642,-0.6452482694208636
162.0,2.8279504901135137,-3.2316147105429445,-6.059565200656538,0.16796822835580416,4.488070339340229,-4.677503292982076,1.484318450268172,-1.2889557887740122,1.3825909622509225,-0.6188084153017195,1.049486318941287,1.4529066440699827
163.0,4.507658676190071,-2.095785494380663,-6.603444170570787,-1.2409901647576582,5.525465311783314,-4.3046738022652,-1.5788285143847376,1.245670975777718,-2.3518410852618006,-1.567032346720784,-4.582851913945339,-4.108323015169818
164.0,0.2867476144809993,-3.405220591498552,-3.6919682059795482,1.6003091110951186,2.04220138324113,-3.506672338463935,0.3453846765539151,2.6706793667893014,0.08414895082631357,1.4646995800064206,-0.22311124797947568,-1.9592603734759897
165.0,-8.82981830359229,4.204738994545421,13.034557298137726,2.3516973831786743,-10.95553851064994,8.579328112032858,1.0775087665454042,1.4313134311429387,2.0370851361887317,1.6210284556540384,-0.044938952207493166,4.187870847270253
166.0,-5.959800458852493,6.740018217402697,12.699818676255195,-0.35052273502068654,-9.353630586969178,9.676482902096572,0.24368960410163554,-3.2860938200504353,0.6495561084662635,1.7695201107093128,3.936830387785425,3.1788062948306104
167.0,3.1389420171713702,-5.0972354940176405,-8.236177511189018,0.9430864772102687,5.659846497504518,-6.633247293632349,-1.3395465686723138,1.2104721288564741,-0.4786074847703785,-1.4072356626760227,-0.25859486202528537,-2.516699698896154
168.0,3.4264479542868234,-4.573602604422232,-8.000050558709049,0.5423512613955831,5.6793740751406325,-6.253286835944717,-0.1474145062931095,0.04342340463705602,-2.4784798675820916,-2.261452259679325,-1.0232400744213752,-2.1940191020258872
169.0,4.294252453637355,0.8441376324550061,-3.450114821182334,-2.595420294499351,3.9110342804507057,-1.346020748712561,-0.3999403504164443,-3.9982700960371806,0.9185993717473298,-0.15028621981357415,-1.9484658741745493,-0.4028931113932166
170.0,-4.752687171431117,4.150883809933625,8.903570981364759,0.3571674777499856,-6.792571044818033,6.566673208025032,1.9530313812791666,2.9406310798640174,1.019026029689602,1.2328507521870165,3.8423838817999796,1.7725944982307782
171.0,-0.300493067541885,1.0068906951682142,1.3073837627100964,-0.3740438082792857,-0.7674471802220268,1.1219268241012181,2.1951676976222605,0.8846263939687469,-0.16081189506700527,-0.45943719264765814,-0.14153025687351917,-0.24972345608721636
172.0,-1.152114160252278,-2.2287998879756343,-1.0766857277233775,1.66896846267767,-0.07520275726209724,-1.6062101164530143,0.08802312759892705,0.7384639820191091,0.3446431514029807,0.05829244160726876,0.15714855835608005,0.5327871295797806
173.0,1.8758059705905135,0.3425548234827458,-1.5332511471078174,-1.0544954889463876,1.6735018847145346,-0.6268970108034824,-1.170706333970257,0.17490107073594285,2.216753179530221,1.18945251551627,-5.404729876231116,0.7942149623635019
174.0,2.29117220421405,0.18657952150997104,-2.1045926827041193,-1.2667433227101288,2.2507707797389007,-0.9926761180025333,-2.736180276524981,0.18288815034343547,-0.0012044742543023679,1.048676498599575,2.5844366003241346,2.4835810051449245
175.0,0.5921068791574282,-0.26321571914206604,-0.855322598299507,-0.19642156911361625,0.6991236445405827,-0.518515670642093,-4.538019220376083,-2.465227755339579,-4.894793861043939,-1.1315850628004234,-0.2964156712851773,-3.5115699208306532
176.0,-2.9574331905988247,-4.12764403198882,-1.1702108413899757,3.58589477785228,-0.9219707363484644,-2.69194569272049,1.8071574345969346,-2.7517822244406314,-4.008470438488112,-2.3275709986164643,-0.44297707215821336,-4.0742301215394665
177.0,-0.7151016593154846,-0.2682501381055509,0.4468515212099733,0.4544440701625667,-0.6173238767165882,0.12122352543805864,4.093992211175711,0.7588256956278185,2.673593970853452,-2.1938987455371173,0.9372631819695165,2.3223327467621666
178.0,0.9800009608335722,4.504219712236718,3.5242187514031746,-2.700308184903879,-1.239399605672655,4.045107123164486,2.166832876500609,3.500843539463016,4.887583073551073,3.2014414654998853,2.398580283870319,2.4681741409774656
179.0,-2.7182351480594797,1.238331006889246,3.9565661549487405,0.7054026656140258,-3.312892314369923,2.551902367238288,1.998236452960643,1.9198575735944186,4.015445452228933,3.2108144454529417,2.217680676100187,1.3027694466367725
180.0,2.798275062142447,2.7106453920583924,-0.08762967008404887,-2.7063458089808545,1.4633120947905924,1.3496969740087228,0.24590291517059182,1.614470570418031,-1.475158833292328,-0.5048098171764022,-2.694115329600436,-0.4878409507877086
181.0,1.1742080211237993,-1.9360958986005243,-3.110303919724323,0.3547286315871202,2.1634436975290314,-2.5578697344552195,-6.054631610267178,-4.387206709347749,-2.926925020779242,-1.222053654392817,-3.3425045988216815,-2.7098926866100395
182.0,0.3551781018466751,-3.336871954231687,-3.692050056078365,1.4684897137377493,1.9709418056840227,-3.465882745309507,-2.0364569711025187,-1.8560254622748282,-2.1649524764487227,0.6123246212549578,0.0004265808376164859,0.48124298741792493
183.0,0.4605035231132761,-2.8299369992922117,-3.2904405224055098,1.1648715900876634,1.9083574543400452,-3.0893311523967153,-1.840641871886601,0.46266351328099664,-3.325362903019885,-3.006936981806444,-1.2230722234604792,-1.4679190248603255
184.0,0.2682119294376898,0.05720557901801149,-0.21100635041969729,-0.10299156899071038,0.2001223694849229,-0.10957073822444197,2.89559036421268,0.6707469671392479,2.6705237789701513,-1.7368109677409835,1.6377893404200905,1.3315889802016116
185.0,-3.0689592378377286,2.8845157873362215,5.95347502517396,0.07227494242188502,-4.546402079426941,4.457405178411847,5.3242874852308315,2.1527395062197225,4.582429182757169,2.9120833914849458,4.930513745884607,2.4877736435694238
186.0,-7.413888606966615,-0.07518102098220392,7.33870758598447,3.722039175096903,-7.331057770973396,3.5815580203966495,0.6173024366952808,-0.46022735199387665,-1.9445023912695603,3.3959113645621053,0.36492426670617206,-0.21284265604178687
187.0,1.5214410696996796,3.3548351022210747,1.8333940325214724,-2.3859855027838406,-0.11131881071710081,2.6135182248965636,-0.22006638571882053,-0.6796785117906143,-1.8366867380229341,-3.343246404032975,-3.569119880442133,-1.4793387915007399
188.0,7.498864557811192,1.9652733342811382,-5.533591223529995,-4.764220628524883,6.480098633861597,-1.7702893586749615,-1.0274755340799773,0.14215478552073813,1.5670976758479358,-1.2641539498486742,-0.761238535271904,3.0386488280112314
189.0,7.216092353170663,0.2757158560790258,-6.940376497091614,-3.7848223434256774,7.039409689322645,-3.318644695658987,-5.439220180261928,-0.8895762952552198,-0.747261042856706,1.4371831293309543,0.15940132768005988,-2.534125705205221
190.0,-0.008821190265047019,-5.598622710474041,-5.589801520208964,2.8360403862836367,2.8276080113821163,-5.575495851896848,-2.79148294056899,0.4458309302587692,0.7770924255832703,2.2353520106950397,-0.48693382941168295,-0.8217677086911045
191.0,-2.863031941883474,-4.193107762555065,-1.330075820671562,3.552779091386535,-0.7320611339709768,-2.7346401404199563,1.481678213621272,-0.7530223703661649,-0.22773568372503564,-2.6692098832576088,-0.817714462450096,-3.208350598714809
192.0,-8.530166071998021,-1.3988600800688482,7.1313059919292,4.982237280037969,-7.8777312814956515,2.822808682869384,7.025299273027773,0.36419673989125023,-1.641956257057413,-0.8795934569336927,0.3697584411368997,-1.1982492274149377
193.0,-6.218658921851809,3.5610730234899615,9.779731945341785,1.262137550471012,-7.970237873511027,6.632737629632879,0.7987538997633123,1.6754294316805862,2.1027529582358473,1.3801338577672246,1.9510347839278563,3.2365468210238486
194.0,2.735085274227709,2.191847596330626,-0.5432376778971006,-2.4548842789850984,1.5864174131964743,0.7884070602376241,0.4598225829535092,0.6819733004075017,-0.6093755728592081,0.8314917336316321,0.39585919574859574,4.115346036107017
195.0,6.560625305046021,4.6922151274420525,-1.8684101776040187,-5.61850587820403,4.237718640105516,1.4530218588313248,-3.43204018443398,-2.182852960692389,-0.4635707726470194,-0.8208290334997119,1.2108057938314445,1.3870099602243844
196.0,3.8341908137503173,0.574795976270817,-3.259394837479573,-2.193989801411848,3.567893705027672,-1.304632496321453,0.2397019972790173,-0.38200708017969565,0.4996787936829967,-0.35531602119718836,-0.9186032394473527,-1.3396371703773284
197.0,3.622230778429948,-2.4596013979396716,-6.081832176369686,-0.5652528670466823,4.872312280134917,-4.236187140926495,-3.0369850560904195,0.013548772776905915,-0.5581034984180788,0.52198887977644,-3.83240832551128,-2.902210346997061
198.0,-4.033713445623176,-2.352959845346001,1.6807536002771295,3.2167464211131294,-2.9148850099225716,-0.38173659942342253,0.8607157753467638,2.243783561430113,1.868776897978068,2.923161335813709,2.459881857929898,0.09009743066207543
199.0,-2.205429094831714,-2.1850350438517547,0.020394050979941514,2.147199517848173,-1.089313833473324,-1.1271774493296056,-2.946788114674346,-0.9680673592345287,-1.9864785071852227,-2.884443477564112,-0.25730290532706585,-2.689985242315518
