Time(ms),I,II,III,aVR,aVL,aVF,V1,V2,V3,V4,V5,V6
-200.0,-0.4604877316621959,3.0984315784899787,3.5589193101520635,-1.2799939030532212,-2.0467257263680674,3.3014639909679584,0.6541400165053586,0.7444024250887944,2.4518579234295235,-0.27777988279464716,1.1713390966701158,1.977948135476789
-199.0,-4.050031760135409,-0.325387077407042,3.7246446827282997,2.155157764041735,-3.848077081694504,1.6729485999022038,0.9172293870809739,0.8990640533555504,0.619245315445472,1.6237590775122217,0.42218665097992014,-0.3852892943205961
-198.0,0.7458151613610595,-1.6647059096101522,-2.410521070971232,0.4308648475468101,1.6122236571329474,-2.06872415852712,0.5590145401123521,0.2520645338299534,2.2182739298327565,1.3260899566161362,2.962278945609655,-1.5134315783733512
-197.0,-0.37030656047088195,2.0231112013514676,2.393417761822343,-0.7753123175238439,-1.3549513863088338,2.248708891036552,1.6114587132112486,-1.6486951006603485,-1.4089880087954048,-2.7595416084677202,-2.18649174265302,-0.5403330656959853
-196.0,5.8054266964134005,2.5227898144690553,-3.28263688194435,-4.192597569697705,4.484006827721505,-0.3463004319570474,-2.7787750874134876,-1.2517599904360828,-2.5352287375163463,-0.8824652067518302,-2.4105063461263487,-1.4499983609153744
-195.0,1.434606594543932,1.199868903086633,-0.23473769145728096,-1.3466036926557878,0.8450627492096163,0.43390415288891937,-1.8519212832616274,-2.3040427876533873,-1.713374994725306,0.23604736690775252,-1.1376346064063725,-0.2614907756503747
-194.0,-0.5107051953633753,-1.0579918050089319,-0.5472866096455006,0.8340498880166848,0.021214696263822552,-0.7711377591028131,0.19775802325273295,1.4652117724195164,-0.503980291409698,-2.560409127025582,1.5716126251902793,-1.3995917504685351
-193.0,-2.9792280476622035,-2.1772195825395864,0.8020084651227167,2.629543667979093,-1.8930656971484718,-0.6498465632216138,1.4020013281686077,3.1359553948627545,2.751225927522632,2.621283661618474,0.5162691681132413,4.3210448485850925
-192.0,-4.411849824737094,-2.402137540974503,2.0097122837626977,3.3813292787608944,-3.21519905114568,-0.2278245094354151,3.2688379645783106,1.26504390580216,2.62669697956333,2.038529988888246,-0.031046635887078455,2.7918148990092013
-191.0,2.476847156307517,0.052527271767542905,-2.424319884539897,-1.2902660649879167,2.4486401873925994,-1.2076488912050913,-1.9863503833491964,-1.8996959213588471,0.2523539333001339,-0.433468036982285,0.5662800786640717,-2.152274377597616
-190.0,1.9448307608471496,1.787839655671447,-0.15699110517569642,-1.8949543933513955,1.0562495488354895,0.801398312811358,-1.0358500995893651,-0.11142606546525691,-0.8038664952645077,0.12305488851002025,4.020054411343461,-1.7919912940599394
-189.0,-0.35402322407702513,-0.7778325032894733,-0.4238092792125112,0.530987890810728,0.051675469128531826,-0.6110649195727592,0.7404711255025609,-1.8320228961972125,-3.171086117485175,-2.7775844802304195,-3.3979682489516745,-3.5914318176094757
-188.0,1.1798114555503614,2.3692232409855327,1.1894117854350348,-1.7389888459057263,0.025899551950417654,1.846976326974357,-1.3432807738695192,2.10688652053332,-0.3455411214665791,1.347162367869334,-2.1391088790170545,0.323252440005235
-187.0,-1.0215876301720757,0.8888830084328545,1.9104706386047814,0.09376793059926491,-1.5000419905724776,1.3834834507145852,-1.0338585963289868,-1.6145718856560363,0.6695800306043339,0.7587750717899323,-2.3315870126388774,4.158247763268878
-186.0,-2.5323422854623785,-3.214044656504605,-0.6817023710423268,2.8945184236896084,-0.947479956345896,-1.97221021844366,0.09262598485994297,1.9361410807198036,0.9481216178906933,-0.5222748212755508,2.057995876438988,-0.2746237585571998
-185.0,-0.5188702641936038,-0.9698857517250011,-0.4510154875314052,0.7623779623357422,-0.0479480093392301,-0.7441367682473655,1.710643584091859,-0.4338328441210789,2.0605872805274625,0.7616075179756404,1.3590019379302263,0.1539935799235458
-184.0,3.062053536429049,3.087123809055149,0.025070272626181,-3.1363887097996956,1.5084924017473826,1.592775779702917,1.847379696447729,-2.644859495731168,-1.0363642992830167,-1.5466177961185026,1.1356890646249207,0.4806959829230302
-183.0,1.577001746044834,1.9756117128676531,0.3986099668229277,-1.7592950950538917,0.6583704928053593,1.218423337382421,-0.008085136409277216,-0.16275924928204055,-0.6331028345861055,-0.01958603152086269,-0.4202234752949947,0.18805155189463046
-182.0,2.4463171107385486,0.9741486975166396,-1.4721684132217927,-1.6930527501504,1.9473923214860647,-0.2973889734244601,-1.32639281067451,1.7644337221212298,0.2784781010484691,0.6748348826546964,0.8537404049956017,-2.092970276987999
-181.0,-3.2105606917564837,-3.3975597213177258,-0.18699902956117098,3.2425349005938084,-1.5278168372858594,-1.7580665950191499,-1.0577224304158577,0.9665695019076697,-3.316038153879105,-0.49564773627075387,-1.5931304893002571,-0.9502651547287082
-180.0,-2.9984344588114373,-5.335251547239228,-2.3368170884278,4.184632767650865,-0.35241770360709157,-3.872752345199427,1.068793788546598,2.565848471963734,2.3384114625174535,1.4097759847032327,0.8636369662468475,1.0648651905391442
-179.0,1.416961220945002,1.1591621932776017,-0.2577990276674833,-1.268108494025039,0.8879690809731356,0.5027089878864903,-0.2721673810422073,-0.5478523699944949,1.3950021883189272,-0.6700437556702785,1.3967842511317972,1.9741219034615372
-178.0,-1.221318984740471,2.0805288847143193,3.3018478694546616,-0.4051233777831057,-2.2967394095758413,2.6742607620021897,-1.1578931212172623,-2.9338609945869867,0.03587681322350689,1.1278486935448448,-2.81050288133714,-1.9884149861759277
-177.0,-1.6907491396420529,2.3685285018056916,4.059277641447646,-0.30767209134191176,-2.9168159670059017,3.204236659864841,-1.3289237470800315,-2.2680455492175056,-0.48040409985729854,-1.900811520119781,-1.0438122934570757,0.29991030003759644
-176.0,2.3830881830407065,2.9361473855288285,0.553059202488102,-2.699378731562275,0.9465974477187893,1.7380652561076213,1.9216198286058321,1.1975894316105526,-0.6671907687014937,0.1119214167334085,-0.36908099016565005,-2.8251789778235272
-175.0,1.8427950669874829,-2.098920988519226,-3.941716055506653,0.09540321167806387,2.920478843896962,-3.0282038416276884,0.933729750665649,0.7175768688048108,0.9911743036033076,-1.3920571287061076,1.1225085337725815,2.965384895734973
-174.0,1.566985082127308,-0.6987803005791635,-2.2657653827063786,-0.4618624887814108,1.9433555572597268,-1.494971139967566,0.6153022881959517,0.1900563703648196,-0.910550792562836,2.9903996469718868,2.913111409958953,1.0882829760090726
-173.0,-0.053085540656410135,-0.805280374062777,-0.7521948334062902,0.48199233909020867,0.2980266365782529,-0.7977961408477465,-0.18247505570371914,3.3907945830752504,-0.8799411035427037,1.4054012130420825,-0.693953022744791,1.8182266997407477
-172.0,0.7276322100015733,-1.2741947674879075,-2.001826977489468,0.3246826613768802,1.3925955483248218,-1.5842535102444735,-1.584199316449102,-4.188495531544996,-0.4760184960674402,-3.8158358565799837,-1.88963311887429,-1.964495124270415
-171.0,-5.487077900271642,-2.3583134651981137,3.1287644350734984,3.891192275991775,-4.358730829226479,0.43462527070194057,0.7957996894326731,2.2818756930300195,2.074896116111008,1.8113897325488495,1.0826113782761815,-0.70815728940932
-170.0,-0.9661819225372299,2.353300878947564,3.3194828014847597,-0.7308608783982955,-2.1157675096686237,2.804170505899082,0.13563554719236715,0.34770616418225275,0.9919416530734957,0.21488357257358268,-0.9613259300397509,0.5327603556295236
-169.0,1.8912165360383841,3.7203629097767,1.8291463737383074,-2.848754968218985,0.05662990095128362,2.7401259200052803,-1.091769878560157,-2.2230559998228565,-0.06468568333853919,-2.368805849849035,0.3638463706128254,-3.8377305261935293
-168.0,2.938860379010102,0.6639648793876212,-2.27489549962247,-1.7689346985489243,2.552529388896101,-0.8431698631198892,-0.8701450126830153,-0.8180126666826981,-2.1685939839296293,0.335384185112645,-0.1703579770613233,-0.9017017988970466
-167.0,0.8686352520654503,-1.391699495686424,-2.260334747751865,0.29502302589217455,1.5889172859085152,-1.789174955649301,2.358270785886062,-0.2850258613034035,-0.8811135655419396,-0.04742792328898021,-0.14277842495025903,2.2820399600737598
-166.0,-1.312560349223069,0.5574701467643635,1.8700304959874285,0.41715362927812505,-1.565047166275799,1.2457635023262636,0.860956608238151,2.210890879903271,-1.0567852042501928,1.1211356963579218,2.175398438742815,5.041545873884396
-165.0,-2.13336080147643,-6.702827453557898,-4.569466652081483,4.389223820043579,1.2477945711782832,-5.687126933892209,-2.393907041867683,2.1952573827019,2.665464531315775,2.2278323621246963,-1.1399083021338674,-0.06293145192004257
-164.0,-1.2040808167634083,-0.9292307389316814,0.2748500778317129,1.049728028695149,-0.7840139621351674,-0.30168365045984413,0.1160220078960017,-0.15510307462950035,2.0471005183191746,0.5907205612781562,-0.8592901306725373,-1.7413341677852987
-163.0,-0.9867142236420046,1.3268995822820555,2.31361380592406,-0.17653282029205636,-1.6902019714925667,1.8465263615087317,0.9391244750846253,-1.5570953895578232,-0.03987114101245948,-1.04435654746744,0.4605601377518517,-0.7796164888171246
-162.0,3.060985017854415,4.262371256904498,1.2013862390500925,-3.661745378644683,0.9724140880542534,2.683514100276146,-0.7708326294037364,-1.0713555495100922,0.3291780818583534,0.38471314803603374,-1.0910988941941844,0.7871764989096657
-161.0,2.249600715821015,4.4617377357858965,2.2121370199648895,-3.3548224914627833,-0.014319143592742466,3.374243896842537,1.2178430421742097,-2.085964670227824,-2.990085803470218,-4.717084387635234,0.5830444876935528,-4.305783303278302
-160.0,0.4451670434213103,0.562982893586639,0.11781585016533247,-0.5074829266300918,0.21169323074622412,0.3073369793627627,-0.730837167623884,0.9426724697490898,-2.5159142303246345,-1.6822491957711077,1.1167826611649716,-2.3486199284147036
-159.0,1.3399774362836314,-1.8314094383134412,-3.1713868745970784,0.23456306085799047,2.226451848217414,-2.4477348416442704,-0.5505056451125694,-0.055568762809821315,1.0049753904696486,2.265558882461776,-0.4702765329011108,3.3634406731141633
-158.0,-2.781194771762869,-4.180852065936854,-1.3996572941739946,3.4610024018697736,-0.6409557721902428,-2.8096983217196474,2.1684175513575688,2.467412650903703,1.2557078961545984,4.236083542965634,0.41472443221292754,3.619901321752905
-157.0,-2.068447553167317,-2.525254609854506,-0.4568070566871909,2.347716955473597,-0.836312140643949,-1.5085742233595076,-2.0576378621749223,0.4236101594102335,2.0318561834550275,-0.5798807891463005,-1.5188241962417108,1.7656292399615776
-156.0,-2.520473380249787,-1.3525675529460657,1.1679058273037324,1.9816084088631192,-1.878567503795303,-0.11208592199535827,-0.14654401840780584,2.0224163900473027,-1.107136343931884,1.0071146443306862,-0.5275373334622994,-2.1253853022162525
-155.0,2.583278540994454,1.8765576694201007,-0.7067208715743285,-2.2675413543343614,1.6833046102160911,0.5597009626429806,-0.5454158217522928,-3.4991856676134954,2.108179298289042,-2.67785757121248,-1.2981606857650725,-1.805934127072356
-154.0,-1.0611466622924526,5.318240741884594,6.379387404177076,-2.1695414859943725,-3.7679335631868764,5.89539045841688,0.7808286851045482,-1.7268341969125947,0.5928200106393816,1.0026064646029569,2.889617760728957,-0.39701815628315407
-153.0,-1.6539326987059366,-2.7380383336916383,-1.0841056349856788,2.2296322893229434,-0.260469287625651,-1.8710378389580993,1.4297190633506924,1.4718126166881627,-3.8646929599634907,-2.1234134479715148,2.395363963100542,-1.5008720709747663
-152.0,5.003758761544924,1.6888315400726681,-3.3149272214722463,-3.396860143871667,4.1796516659365786,-0.8565834477304697,1.0459363127666677,0.45685773482988123,0.7908767287480098,1.5177817805429648,1.4467541803468742,2.816480489303528
-151.0,5.454308367226323,0.8806057257412943,-4.5737026414850295,-3.145659535309935,5.034151872211972,-1.8140657459916063,-3.0991148426606854,-0.5775549064864964,-2.5973494113346214,-2.63494987216933,-4.495181632643627,1.3305590724757486
-150.0,-5.328508523510635,-2.5179558462076184,2.8105526773030145,3.9389277979370836,-4.12377230892932,0.0989895174061397,-0.9885416225307735,0.5546304350792124,1.0343915875929839,2.7302709071786495,0.020262724697447165,-1.8501804181150028
-149.0,-1.6945089441226164,-1.1984936862181688,0.496015257904448,1.457753110661834,-1.062387472810856,-0.3198214142082079,1.4710539371262015,-1.0513313008569276,1.9137377055086031,1.888790741810196,-1.916850409667056,-2.726774070524782
-148.0,-2.4990841319600987,-0.6122657422514612,1.8868183897086435,1.565073561075019,-2.227933811714809,0.5904599081601756,0.38819633810858756,1.151555109581353,1.7481438105357479,-1.1780611452921022,0.9607596699480233,2.4205954080105787
-147.0,1.7706428055194672,2.9623018221569772,1.191659016637517,-2.3561049832725653,0.34450229957983036,2.1098912824430704,0.9508615627859651,1.190538797184534,1.5446569058796633,-1.6890087383127308,0.5294496651018883,1.7342235517236049
-146.0,1.0246587035246184,-1.508125626377651,-2.5327843299022623,0.1768135390167075,1.76407180388992,-1.9858645795331444,1.1919275959602749,-1.168044388949839,-2.968320108482496,0.11588064948308074,1.351440467901185,-0.9046904626955057
-145.0,-0.39610156312518263,1.9206760205100863,2.316777583635271,-0.7430533961430656,-1.3664682740162808,2.0772605269508664,-2.1696028412372237,0.3828438833443132,-3.0409359635909663,0.23837684805570522,0.28549505945831,-1.1737815496977153
-144.0,1.9293598039683288,-1.3247099997479863,-3.2540698037163223,-0.27630975048713396,2.5803189751362208,-2.3270277507545716,-0.46022878817446256,-1.1182658154021052,1.4056675570296362,-1.2167383258526916,-0.6564434705100466,-0.14543271449407558
-143.0,-1.0682593989942804,-0.11337918774059302,0.9548802112536829,0.5456059684086925,-1.0305350356362692,0.4665422794159325,0.6923595944545888,1.5500307350901883,-0.8744988757090999,0.5569533275457826,-0.005906629375964423,-0.19259517314048827
-142.0,-1.7285250278689128,-3.6107054996450225,-1.882180471776107,2.7104635520952325,0.1241074204141382,-2.6959437596513256,0.767056827801327,0.22640534649492017,5.659467625562655,3.534740274894407,1.436149605035659,3.202543319147463
-141.0,-0.5635205781471703,2.9533480635883933,3.516868641735575,-1.1483703573669928,-2.0866157469284596,3.210314957982058,-2.2548790493151305,-1.6688634283113153,-0.46285549865406805,-0.0552623036943205,-0.7880871580996063,-1.5413082886177767
-140.0,2.2246113441269135,2.016257109583598,-0.2083542345433005,-2.150219347288387,1.2345186191946826,0.8800770688219851,-1.197645581760633,-3.45735823499724,-4.3220442212416055,-2.9287270953170506,-2.1549140403222573,-2.2438960607062683
-139.0,1.8328961793175427,1.290683839095973,-0.5422123402215554,-1.5937283723276452,1.1948916126860303,0.34811857069980523,1.9954603676949045,2.8547427517077155,-1.046093468355625,-1.2880340593848563,-1.5728483552219836,-0.9026669482503706
-138.0,-2.6612115883909633,-1.9976926425426191,0.6635189458483459,2.290572293111676,-1.660106988155187,-0.6980942471007956,1.4026645622727028,2.59958374103992,1.3755462470313813,1.7612734269278316,3.504608985609857,3.8044097111271418
-137.0,-2.63887452229256,-3.6005758332793083,-0.9617013109867599,3.149115083540693,-0.8351789140081358,-2.2394129972765,1.8835465010684105,0.7561737990662849,0.6692595829870134,0.6514197499697829,0.837135881253952,0.9357004270811213
-136.0,3.3710529979100876,2.604489469924189,-0.7665635279859174,-2.9699902711163584,2.0786888113120594,0.9553392460078285,-1.0871723738130694,-1.865410080469873,0.24009316888422028,-1.77529845600014,-0.7185470340780082,-1.3577090730860815
-135.0,3.4095142970363708,3.5567408012662187,0.14722650422983802,-3.4753760727530363,1.6507607063572804,1.8848722753284828,0.04310470034419678,1.308968110820226,0.9373325128889337,0.8364781140537259,-0.5158663893348744,-1.1638248424478808
-134.0,-0.6328531341471411,-2.870751002569173,-2.237897868422029,1.7531414124355666,0.7538777500845943,-2.6016679918453196,-4.474559537364773,-3.4835386031480757,0.5561577310400204,0.8498144721941532,0.03235564410291081,-2.153196083771615
-133.0,-6.668480844828935,-2.495238537641748,4.173242307187189,4.581151299258962,-5.460458108917415,0.7914743070620857,0.7418843479050616,0.8926724597282321,-0.17165257525625044,-0.07667029191654462,-1.1104601595289434,1.0715058638294557
-132.0,1.3402867581939533,0.3701941755456919,-0.9700925826482627,-0.854242389614335,1.2005710069872628,-0.26859093251381994,1.4179841137393008,-0.8191948434754195,-1.798012732183915,1.121388872695638,0.3374234196756473,0.41550285514923013
-131.0,1.425931897661449,0.8431080593900725,-0.5828238382713897,-1.1295933020119893,1.0526511574856334,0.16121053482908165,0.686896681216399,1.6820390368508689,-1.0795970357080238,-3.5343239039212544,0.48264412039684723,0.6806379422230654
-130.0,1.6258711570838953,0.3411835003287004,-1.284687656755212,-0.9741757246548108,1.4244668684536583,-0.5204770336483506,1.076142145927765,1.226046527956062,0.06602213396952872,0.47937239895262396,-0.7908803112691525,-0.6724178580417588
-129.0,-2.136409412329085,0.20948998205864577,2.345899394387724,0.8977984383148405,-2.2750217381020184,1.305942429214657,-0.11489088502795697,0.7027929126753595,0.3775619825722172,1.824979672342336,2.0458489774870534,4.06463398208502
-128.0,1.1260049353858883,1.6681468097034278,0.5421418743175478,-1.3811451074398455,0.3318813115137977,1.1310932115437007,-1.0786892411265185,-1.4377652081244525,2.6794455426871275,0.1426357611335829,-0.4800390637086178,0.5599683891428783
-127.0,1.9811701145806875,1.2417402588743762,-0.7394298557062895,-1.5928846852890781,1.315831344323413,0.19581224986365348,1.1932516400542479,-2.039492109530528,-1.1176234453609142,-0.4192559623490333,0.5484826375400627,-2.773232492876018
-126.0,0.4998786802128858,0.8984739303785576,0.39859525016570163,-0.6771146157996206,0.07981168872185235,0.6694333580169279,-3.4051961191331888,0.0033657966353495272,1.4712762546683835,1.4017800575194046,-2.3520721992852565,-5.402260929915261
-125.0,-0.4761900795848718,-0.029469548307846316,0.44672053127705064,0.27998456938041777,-0.4356841090077869,0.22729236333551597,1.2971898892180433,0.28240088540229435,-1.8298810013116305,-0.5502366355595707,-0.9144744821880657,-0.4268803537741377
-124.0,-2.5089979673267258,-6.9292843946084375,-4.420286427281692,4.674288723313662,0.9016920454699167,-5.6578765152768185,1.8447711825789566,1.9300134647037428,-0.12466469552190884,-0.4227076201558356,1.6431507073521927,4.492674604517443
-123.0,-2.9914649710315437,-4.6368044547029825,-1.6453394836714215,3.7770235970617456,-0.646741841448012,-3.2040259783390335,1.7793376462098516,1.8973006697397308,0.3954894438806252,-0.3010716069904942,1.4824238490558939,4.4279234376923595
-122.0,1.0995646384811464,4.254520343210732,3.154955704729603,-2.6277842064357984,-0.9979594471950928,3.7202341508478316,-1.184428060958434,-0.538150882316928,-0.3544692418040588,-3.087946716140026,0.7548990381730296,-0.18085089298584034
-121.0,2.461226901570466,3.1788394184041344,0.7176125168336891,-2.84340500151052,0.8269625354886452,1.9643406621162418,-3.4777051943523514,-2.160850700486315,-1.7016720665646141,-0.22796651314848415,-0.5783764400772436,-2.5795270245753024
-120.0,1.345588568157684,2.9710378816550223,1.625449313497358,-2.0997913868159537,-0.10246474406866474,2.315777278521756,-1.1648336759732763,-0.48682297383645,-1.463975768022848,3.1917146433951595,-1.096106267312376,-3.040576404861094
-119.0,0.29011553665846423,3.5950496874179443,3.3049341507594927,-1.9639529126766193,-1.5469134975998906,3.4692898118648006,3.2855215206555766,-1.1245864778538708,2.715723745565113,2.687671626714647,-2.4536852012732853,-2.9840091818875725
-118.0,-0.32003204642658384,2.1575946044992373,2.4776266509258207,-0.9462457070388206,-1.360163134338765,2.2595955013604705,0.8130357992509438,-2.028342539327756,2.7253117708412202,-1.2855991404303555,-1.0302161935130045,1.1662359264684103
-117.0,0.45822829434544887,-9.158314592415746,-9.616542886761204,4.312028821821609,4.994616321648913,-9.366115745381707,0.7659849908585974,4.39873122237092,0.06947232600854192,-2.1073711330993983,3.3718814045601917,4.839175219655956
-116.0,-0.8354505488463067,-0.9638199675465318,-0.12836941870023066,0.9272209261939586,-0.32127707319309873,-0.5250667573408379,-1.254480192860215,0.03269859517709661,-1.8718187203570293,1.373033472910824,1.3135488621577078,0.7175134571002868
-115.0,-0.4769336296074207,-0.628603776285845,-0.15167014667842071,0.5674398884823355,-0.2122796264267991,-0.4483168027107898,-0.07910350287032875,0.4874092826738684,-2.219319932487841,-1.8873581655629168,-0.20737546467127732,0.22281993357193297
-114.0,-3.2454880443587775,-2.3990009392801444,0.8464871050786452,2.8271959326156484,-2.0179477995203894,-0.7551058764176514,0.3144088127808782,2.1675868660746422,3.462474377196944,1.1522769479020332,-1.2600277280861452,-0.6867767731176646
-113.0,-1.7910137947376055,1.2127732254725434,3.0037870202101553,0.28968869853574825,-2.367466702607577,2.1323092753720507,-3.5632565205006905,-1.627673888105213,-0.537073968485017,0.09155733320289615,1.2716535811363152,-2.094594894135158
-112.0,2.5016381344961145,4.92743705646517,2.4257989219690406,-3.712309635463389,0.07244823498641484,3.7065490150712286,1.6759025852845857,-2.3468068251746637,-2.2859834936323877,0.8035101849897138,-0.11354993405278424,0.282442597165786
-111.0,3.1655951914536353,1.8284374747091925,-1.3371577167444673,-2.487904172093124,2.213163865113798,0.20553591762933543,1.3942387439962773,-1.9183351488796911,-0.5999793739045189,-1.1704950738978415,0.012261950474355743,-0.5636496420486616
-110.0,4.120604995114985,1.6279896500045645,-2.492615345110437,-2.854988132542954,3.274122072987818,-0.4620818215434004,2.6717077236635833,0.2255347161123895,0.6314675972619633,-1.5612726196035769,-2.283663781568743,0.9101836051031331
-109.0,-0.38602264286293475,-3.406782499743112,-3.0207598568801846,1.8482260228980936,1.2890246870042774,-3.1547346996262466,-1.9327553333509886,1.0058637264009933,0.286747192610855,1.9078609865839224,-2.1357354695843873,-1.127804458560071
-108.0,-5.419810684465202,-2.015690733930818,3.4041199505343798,3.680092913835276,-4.359391973614104,0.6821103703154865,0.5998798940233769,3.2509123071400654,2.7900738007268777,0.6783074927350267,2.1489712672590007,-1.8616560841807512
-107.0,-2.3315466778682024,-0.6827189924803989,1.648827685387797,1.5570287276367671,-2.015755529433112,0.47418115264729377,-2.51762747584126,1.4514661853766166,-0.21379270324247535,0.05518313309610601,2.8992695506029413,3.406836281225487
-106.0,1.2043815023129687,3.1000224368530467,1.8956409345400653,-2.1742235144461084,-0.2926714249114226,2.4866262575793945,-2.7534157746321966,-4.898775620197892,-3.7469541834485165,-1.9219312664585466,-0.9287595882441269,2.3437385795880514
-105.0,0.3153729049152553,-2.871635691562836,-3.1870085964781025,1.339678574410605,1.7248580578927633,-3.0484604798490897,1.549091579622451,1.2868537135796125,1.3606335381763106,-0.7918777726706379,-1.2963891732237003,-1.5419498110609688
-104.0,2.0628366432816625,-0.9135238345751606,-2.9763604778568324,-0.5893284888853333,2.492481078589587,-1.8976395967265947,3.710468627312564,0.049118410638338106,0.9181078818609395,3.610125117785163,1.0866368924866323,-2.448973669999908
-103.0,0.9825486943689969,2.0374446504166066,1.0548959560476054,-1.5249643344407258,0.014181499507402329,1.5002710093561615,0.9407468863410162,-0.24014428290550807,2.118667548135947,-0.09205507865346174,-0.24654472841932043,0.3398933651039264
-102.0,-0.33389385489212553,2.4186986120942717,2.7525924669863993,-1.0608974558968687,-1.5736702318845728,2.604601460109631,0.7623074270107091,-0.5165857098821539,-3.295210503704123,-0.9376774315547849,-0.17378991136305766,0.13089607819945365
-101.0,-1.0334418503506777,-1.4178056557584027,-0.38436380540771387,1.2006044175387234,-0.3577323793176057,-0.8929645565090383,-4.488739906181051,2.518850466997958,0.9999868200392659,-1.6646085757758367,-0.8513815865822523,0.9569655106492891
-100.0,-3.4267588574763046,0.37611661698309706,3.8028754744594093,1.570624581744341,-3.5723411614527842,2.0915420582883537,0.5100296265151973,0.4933942702790115,-0.7653263339386893,1.3298875911612495,1.8667228721680276,0.8946296500786247
-99.0,3.547329544436819,-3.936297647994613,-7.483627192431431,0.1523988201343215,5.476479050563267,-5.7086940002090865,1.0522091594517247,-2.5281883291294696,-0.21435695545617706,-1.677445197404794,-1.6982372509778347,-0.8410427135086951
-98.0,0.6860412311201843,0.8325973000322842,0.1465560689120946,-0.7298349449300461,0.30768926682441955,0.4947124620050236,-1.8903937450137946,-1.8373868820029697,0.6743335737150726,-0.8277658304722303,1.0434331476492775,-0.10733773800277047
-97.0,-0.3773954880262358,3.2351825950508815,3.6125780830771115,-1.404134749207696,-1.9578047404810337,3.4360231924356666,-1.1297045753260018,0.9989387214816006,-0.22223467160961835,0.9932403195353441,-0.08025318849986984,-2.160216835723631
-96.0,0.46176358217984703,1.0827138336628994,0.6209502514830565,-0.7497604170005385,-0.12130950750181835,0.7935688073498359,3.146722309416753,3.0122784247966345,0.939215518243438,3.8531284229294003,-1.621416349499582,0.07278989604944808
-95.0,-0.4789635106340258,-0.2905822662675632,0.18838124436646742,0.32783472298807725,-0.3756473831780613,-0.022473919600894066,1.9011623631810814,-1.4509864718665044,0.557505398333628,-0.2904644683393194,-0.5518405615564226,3.284837730210147
-94.0,-1.4980341819831826,-2.8104990279924382,-1.31246484600925,2.1759896587740677,-0.05701099833034762,-2.0258403353478522,1.1499290770619106,0.5131271391637329,-0.9206857760953452,-2.5479146885636763,0.9673866400675819,-0.8942842659764532
-93.0,0.5826767874567836,-2.0813742224619096,-2.6640510099186963,0.69223648663658,1.6571579850877944,-2.410153361447009,-3.3871333492101643,-0.11338697176748842,0.22497357228919618,0.2613918451529671,1.3542664076462354,0.6878565468276266
-92.0,-1.0732216115320292,1.2966597671678224,2.369881378699831,-0.08999277832351255,-1.7692175043786238,1.8004656698920283,-1.67302729124376,-1.4965809237582577,-1.5886653972062095,-2.3679186931215015,0.4970013930978804,-2.0334043547516614
-91.0,-1.6055534339495177,2.189641467774175,3.7951949017236575,-0.2694293053294043,-2.6720704459321505,3.0424824134321664,-0.6492232320819971,-0.22607066868529924,0.8211477581929015,2.426415118160187,0.9884933905818263,0.8257696126030305
-90.0,6.20457497213907,1.2884122282493582,-4.916162743889735,-3.7217573528832637,5.5079644985371505,-1.8386924700947582,0.5057519317073432,0.8174959535591058,0.31999732593840724,0.011493394763521847,-2.5684065828790494,-1.0468278697175786
-89.0,-0.869520357208184,-1.0692355103012778,-0.19971515309308896,0.9971723987975996,-0.3088879213913698,-0.577291351419498,1.5260962031778393,-0.45468054150377085,-0.29364918898127895,-0.571380596588763,0.2706297328980405,0.756616172729223
-88.0,-3.281588182815068,-2.863705305384746,0.4178828774303459,3.0246279701289844,-1.8221367653194944,-1.2429037846352369,2.4234903787912354,3.315330513638767,0.20600513798405573,-0.34295855376725554,-0.8447254651298346,1.2410753147471216
-87.0,0.6646225131365737,2.2949740568680257,1.6303515437314804,-1.526334537517724,-0.4523262590248984,1.9412138024229484,0.29985376861039037,-0.9891091801696796,2.731937309763388,1.5533760995704788,1.2652619016773698,-0.18662952169472347
-86.0,2.2513013704412854,1.8793065658885408,-0.3719948045527218,-2.034026925435729,1.2663865801629153,0.7267909602182722,-1.1964153646520967,-2.049782010783318,-1.0787659444048376,-0.6744619073823459,0.9464130139177804,-1.1210284355678832
-85.0,-5.02590660413251,-3.717834623420644,1.3080719807118812,4.399583139913013,-3.132094354790862,-1.162228503727219,-2.059132400721929,-1.253436344297279,-3.324653416468695,1.0013003227652832,-1.2144759473951516,0.08336872922070604
-84.0,0.061162488140011906,1.1989642417514634,1.1378017536114413,-0.6079721558781677,-0.5832141490036334,1.120685828508802,-1.1372031692114146,1.0262036841061124,-0.6109365355535072,-1.0154217210307768,0.35659343633285223,0.39505130318085435
-83.0,3.9241496446622444,0.7060313867219198,-3.2181182579403496,-2.3782440411992405,3.52317298591828,-1.2365140670868644,-0.5069546351889892,-1.2046167294914107,0.7435901842498779,-1.8919609057510092,-0.6379072044153291,-0.7968574544373701
-82.0,0.966911715968825,-1.3907263510294747,-2.3576380669983292,0.22172873811248472,1.689727846018463,-1.8633901000777644,1.135262400102706,1.4945452167373388,1.828322292550337,0.68581484607779,-2.3904180964596247,0.36013930091496915
-81.0,1.6067913047128846,1.9018199892338403,0.29502868452094044,-1.7478168902381637,0.6820564322749194,1.1053676863918072,3.7050539791858266,1.1764505430841428,0.6824050376210863,3.211157547536626,2.1261992754554124,0.35122294872589077
-80.0,-1.2400884923556075,-0.19063128809707075,1.049457204258549,0.7223675160686007,-1.1161266419100877,0.438207229534361,0.48751349396423893,1.7590914000161944,1.8566837332693897,-1.9130951461511359,0.5200381545556847,0.08045507972815619
-79.0,-3.8954969573480067,0.6414309366036859,4.536927893951717,1.638989186613546,-4.181260297595314,2.6048144532581374,-2.504056370795251,-0.6595030792351929,-1.6974968917406221,-0.8592964394704784,0.762232692881009,-0.8270045551573907
-78.0,-1.7727059132255338,-0.6549875422610757,1.1177183709644825,1.2345871247329165,-1.4805255263474704,0.1781482327159727,-0.5202005003312855,-0.740207987693928,0.40373700321981243,0.051919651703936864,1.7010835154315729,0.6765884258309949
-77.0,-0.2268249172916198,-3.2901176533386947,-3.0632927360470625,1.7113654407127967,1.3909738123026012,-3.1407017916687434,-0.42869506164555093,-3.6696839242096764,-2.5313879573728038,0.34813753939191194,-0.30321436942978214,0.17899578485635162
-76.0,1.6089767590509594,-3.1865274598157076,-4.795504218866674,0.8310667505499598,3.1802861656888024,-4.024994780759091,-2.7381283488125474,1.0511780649420497,-0.7795090665304639,2.260739466310435,0.03399037507837943,0.7675272156162578
-75.0,3.6237351170149172,5.0624187585180564,1.4386836415031183,-4.371481581284325,1.0720933784394178,3.3009205239201007,0.8991010271795545,-0.8488314441179627,-0.4038359983960753,-2.3453064910765358,-2.8237155669565652,-1.2914603175530228
-74.0,2.102546923676739,3.856393924930851,1.7538470012540888,-3.004034581277385,0.23087116495144366,2.7788420127082465,2.580364991297161,3.2173166670379194,0.6517737380006818,-0.31383283991006006,-4.204231072010116,0.16882019443769591
-73.0,1.1864718231577376,2.4736928496462163,1.2872210264884627,-1.7767381342575284,-0.07629853338136419,1.8536306960773965,3.279522957255647,0.6577000177712957,3.510418801025716,-0.9894483815006085,1.029427846400974,1.4060666589685287
-72.0,-4.551920515746847,-1.1506576455562278,3.401262870190601,2.8211232371274164,-3.927875867061055,1.0969896809567807,-0.7365360233881584,0.10656251902418856,0.8818682201037837,-0.01429567777167623,4.879187662361884,0.3031824949795353
-71.0,-0.3716128352042767,-2.78976933834699,-2.4181565031427277,1.5435724642816386,0.9895612267737788,-2.554043838502274,-1.3447466290853276,-1.8361018606319712,-2.03250283195417,3.7838975703219457,1.7017634314422083,-3.130178328001175
-70.0,-4.311725763279602,-4.95488486826854,-0.643159104988939,4.667934624002691,-1.7924465265180332,-2.7474021614719804,-2.424129900067591,-0.9158381233980352,-1.5494013302609237,-1.564843657752127,0.402186993596678,-1.5508272050533898
-69.0,1.0679519150209082,-1.3072087604886362,-2.3751606755095267,0.1490977282918613,1.68149843541238,-1.8644217680412887,-1.9628460876716285,-1.5927146732109414,0.1296181536490102,-0.07767395954425149,-2.687393588290481,1.8983606856701942
-68.0,0.6097260595633969,-0.41555327049817703,-1.0252793300615455,-0.06983849300431225,0.7740864444921238,-0.7388564548161759,1.0722472648456638,3.121348113618372,0.3223595251982875,-0.562373076452841,-1.5645904316870667,3.458880319219332
-67.0,3.300285971374035,1.5221628919043486,-1.7781230794696672,-2.4618596242204074,2.5712846122796558,-0.14260786802076236,2.9573091992332223,1.2597543502329023,0.15293125889148507,1.5407161339453825,0.45498059966526505,-0.3580175394739129
-66.0,4.339854463675919,4.5425455750684325,0.20269111139252,-4.488406275682611,2.0984253534563937,2.359231368207573,0.6795966979734134,0.49398583661691264,2.3642078275536336,-2.7245615638022396,0.4057246790933474,-2.4128631658033735
-65.0,-0.2880864884601717,4.368383922425579,4.656470410885742,-2.0034063150950034,-2.5213265711831707,4.497047767808632,-2.2921931090409506,-2.3868666164398604,-3.3207211199258686,0.5896713465335236,-1.4647479610552372,-0.056520601895387435
-64.0,-5.774129747993801,-0.32659805941698217,5.447531688576804,3.0932345921616102,-5.5785316875471525,2.6189607681087006,0.16908431168589821,1.5820358429840056,0.9153524747686158,-0.6344632403554715,2.2393173700484748,1.5925755655201854
-63.0,-2.657915457628936,-3.0239548404862613,-0.36603938285734516,2.811201683275542,-1.108542191655765,-1.7219998049654195,-0.026093804646093538,-1.040211060132275,0.6629593248055249,1.0790200657164228,2.4205212568907095,0.0830983066544067
-62.0,1.9948176593577926,-3.2368309051325603,-5.231648564490367,0.5963974404438113,3.5782639802858602,-4.189873477022441,1.4248053081014471,-3.6917394941784725,-0.007615872319814254,1.5800755099109045,-1.9531122499160265,-1.9722165190821617
-61.0,3.060808869735076,-1.1186639428351555,-4.179472812570225,-0.9138926960616645,3.5909887369135345,-2.690273707594771,-1.1483725284974011,-0.2958999222005324,-1.2477001934145067,-1.2424233414639165,-2.115140591528086,-0.8139332638731411
-60.0,-2.496230114647143,-0.7703811113814663,1.7258490032657097,1.6118698437986765,-2.0580823929459884,0.4313574135269165,0.8763184944520453,2.537276539823244,-1.3208751165708743,-0.7137774929369721,-1.8649121282182368,1.532570023083115
-59.0,1.6598981534862771,3.5307150849180795,1.8708169314318341,-2.6197590573995715,-0.13162888754306204,2.7305420734805166,0.5068647925568472,2.8812038057165203,2.2530990969625533,-0.2829201142550949,1.3125412739311566,0.06746280187670972
-58.0,1.908488004942313,0.3769942577306571,-1.531493747211634,-1.1728113519722756,1.6894964871749574,-0.5469844270057655,-3.5782093590689588,1.0284031365285782,1.3182204861811706,1.6003640109841597,1.7083954928994436,-0.778527592078548
-57.0,-2.3362701065467144,-1.8339215616672033,0.5023485448794798,2.126850573894358,-1.3783460424130949,-0.6321674683098837,1.80486923622667,0.23752411480352315,-0.41611982637626777,0.6299558483051466,2.8165535140263023,2.4293267776394583
-56.0,-0.6526607655883864,-0.19218634490372227,0.46047442068461897,0.45760790202626617,-0.6027004997267805,0.09417951529552726,0.40219867655707114,-2.2023634482718926,1.3004436835253235,-0.8915983471568271,0.29726881412387574,0.3091136142903137
-55.0,-0.08720198585098704,1.065446690558969,1.1526486764099042,-0.5373925356563338,-0.5944670713747944,1.0745105914330844,0.8464812743932385,-1.3252990986344027,-1.4439467943929998,-0.32121536935751727,-1.6133704310340435,-0.8071682052216165
-54.0,-0.40209837683518096,0.5749704356949425,0.9770688125301112,-0.0578320670394247,-0.6682914246212951,0.8244770598493422,0.26152147477420856,-1.5469166841817623,-1.87433698534888,-0.9444129174484662,-1.9957710217097957,-1.1915902963834097
-53.0,2.62558634374717,1.5529163742111878,-1.072669969535948,-2.1381967610383374,1.8699878315370038,0.21209445356096096,0.3281209611253712,-1.0076513919476229,-1.1481196987375033,-0.4647857827968298,-2.374156790175078,-2.474251561987749
-52.0,-1.228488484793347,0.1641018917339729,1.3925903765273908,0.5657983655855079,-1.365676538157448,0.7506573238531595,-2.148527588544451,1.9631653065289378,-0.3051467247200235,-0.6289155834370128,-0.2157034847256789,1.1992803167512514
-51.0,-2.151654810053214,-1.8083618906699954,0.34329291938329265,2.018881966828978,-1.2194873305722185,-0.6823177669196203,0.061376826229874726,1.377940259365023,3.1612584202574117,1.8620202196455602,2.0665963024114715,1.8871863769795223
-50.0,2.2955211800194357,-0.3304991199605629,-2.626020299979955,-1.0172515410642937,2.4928026668710594,-1.5078374360507265,-0.4191198561248455,1.930340208591304,-0.5170201212311598,1.2763094613684214,0.9700459291966532,-0.7787371453943814
-49.0,1.1930440584278648,-1.469663677096975,-2.662707735524859,0.10686734756737698,1.8832894295750897,-2.01751324075313,0.5607638804432389,-0.7561239871494627,2.141753219188008,-0.024524250341654175,2.5200734956526323,0.8241945081301512
-48.0,0.032696493104790836,-0.08389202557737224,-0.11658851868223818,0.07302893848239876,0.029644776420445607,-0.1300662205898374,1.327232800088938,-0.6113375313496536,-1.622640878343389,0.3742997852472912,0.7990606841399973,0.6988592347446857
-47.0,-1.7963906148479118,0.6350863734519403,2.4314769882997616,0.5457099148882594,-2.0826174474926096,1.5041295538908381,0.6551137338957436,-2.1898845688448128,-0.5620491355879578,-2.1144911437293024,-0.929264921570049,0.6512008416115578
-46.0,-1.870519723735247,-0.19814053410402765,1.672379189631147,1.0711347556974502,-1.7432618659501458,0.7871771861710404,0.437488976700296,0.6458240756242152,-0.8025579967472992,-0.5976888370583264,-3.8411745067475067,-2.430723996127121
-45.0,-1.6851499307774136,1.0964904750130655,2.781640405790435,0.24323646100129956,-2.207571455104781,1.9099612443991463,-2.014088230209966,0.044586444336451064,-0.7540624236880373,-0.43210914355651764,-1.7974470331021575,0.17215066752640884
-44.0,0.9991242421426784,0.8479057017683462,-0.15121854037433557,-0.9053480318738589,0.5215928721529773,0.31748283925565535,-0.8648971990210184,1.2816291773113488,3.2566438358112864,3.171007838076769,3.4478326872756853,-0.08004181122589549
-43.0,4.033634343577343,0.5589731742693074,-3.4746611693080065,-2.2860910778539143,3.780557587965245,-1.4132511820779885,0.15435785812641134,0.5593772987215875,-1.2633351491603393,-0.2037499824117066,-0.4223027509926167,-0.1425121586307368
-42.0,3.485519357837329,-1.9410600628199182,-5.426579420657186,-0.7670598002804367,4.485162484410051,-3.643959528946459,0.02877597451475265,-0.49986567337724463,-0.9111502949732773,-2.9489982506194496,-0.4241024337776246,-0.9910284954014384
-41.0,-0.06599610799170796,0.5978082407219963,0.6638043487137639,-0.26244323378653195,-0.4109976030459024,0.5862062880841996,-0.9927048347114361,-2.0971330965043604,-1.4323817453100567,0.07766380527043637,1.0198929737387459,2.260843483260699
-40.0,-4.903536953068461,-0.13541589096671014,4.768121062101809,2.52393163410251,-4.877995061439946,2.2660011631051447,3.435603179814403,1.612070337824015,3.4526242181806506,1.2931628832504658,0.5019866935074876,0.4661014111250158
-39.0,-0.76896767738334,3.57299118038905,4.3419588577724255,-1.3952392429574085,-2.514680755571675,3.9815265394961563,0.5179287089654083,-2.86558767294373,-3.1007901575889227,0.8287174075844285,-1.3786900249566667,-1.878771303281399
-38.0,-1.7839159089629748,-2.8696632703794234,-1.0857473614164488,2.3357576765912302,-0.30385158669711987,-1.954929702343377,0.05228465992444614,1.6738465740930204,0.6392969268578559,-1.0688676054766364,1.3811123178897198,-0.3587799340581638
-37.0,-0.5354690718160254,-1.7703156734562673,-1.2348466016402575,1.0844173250053644,0.3205799605411504,-1.4767261594818628,-1.2803544371153033,2.273683519703967,1.3873638710189586,1.605831050119064,-0.5943328410448468,4.164171800278722
-36.0,1.1896974052442952,0.2204548138512087,-0.9692425913931184,-0.693994733895055,1.0539238444649832,-0.41956723420990083,-2.9952145196162725,-0.6073718189927066,-0.2093855030642131,-1.4383528621768944,1.0438568567895072,-1.6688971707488867
-35.0,3.3242423578698514,-2.0466143373885046,-5.370856695258384,-0.6259908934557566,4.402275857292274,-3.6637822760129755,0.04356504140143258,1.0641393027332953,0.337327443410669,-0.23280580145967333,-2.0813955291165334,-2.7220852671471625
-34.0,0.6098715828140722,0.4820174056050578,-0.1278541772090378,-0.5286812338117015,0.3431647638462847,0.15624605739657182,1.735497736702031,1.0429908145562492,0.1911321416085574,0.9893887692096006,0.2512350497237049,-0.8365109414282501
-33.0,-1.450061685156205,3.0705901543606413,4.520651839516829,-0.7847709334763135,-3.016497176302966,3.786738773162158,0.6249855965570174,-3.314974100117703,-0.3698826216919071,1.1561881377378964,0.6717242942405406,2.209131499074929
-32.0,0.9140677238113348,2.3367980900610847,1.422730366249756,-1.6670216958734532,-0.21546740985688406,1.879427549706483,1.5812863200986307,-1.9801063431676087,1.1619886687065717,-2.1730277073142896,-0.24717755523975143,0.6052489366971192
-31.0,-0.49205655907148804,-1.6509721131882122,-1.1589155541166911,1.1218127010057148,0.2831333853067681,-1.4017127704398784,-2.2059757499893027,1.9908093802711646,-3.1758651664383946,-0.019838405866249187,0.5013439791193792,-0.5448670998500718
-30.0,-2.9451559565204897,-4.478189871658601,-1.5330339151380783,3.6947486100153974,-0.6871667707268584,-3.004145976389006,0.35464754100976004,-0.12596226788223874,-0.28305166524527614,-0.6411676459691067,0.3196455897972146,2.311425721110585
-29.0,1.2618285257024238,2.9413495504916196,1.6795210247891927,-2.1117760183050898,-0.19596286950170594,2.305718609117615,-0.02396662077313111,0.2359343528767488,0.05273097757831674,0.061011028857147445,-1.131199263743954,-3.798576089094325
-28.0,1.232296115018707,3.3928658773717846,2.160569762353048,-2.32293503004956,-0.4516873191305787,2.763312977233397,-0.5596570547155464,0.19488115409927553,0.22450875581694602,-0.8834333778499879,0.5699744085751244,-0.18538702752885117
-27.0,0.5608953890314976,-0.08876666293677082,-0.6496620519682901,-0.2536492476461262,0.6235484998351419,-0.3914660375000667,-0.7272312404256016,-0.48530226235549834,2.1259657789665933,2.957693030017294,-3.222920946536734,0.014656223539784852
-26.0,-1.7119321696057703,-0.16656050263056235,1.5453716669752073,0.9093807821349236,-1.6779654320643855,0.7389466100740723,2.792231546955754,0.37902577932166337,2.6709715407770727,0.5866091913120285,2.116513163920146,1.5794135204928708
-25.0,2.1454211843082063,-3.81515594585566,-5.960577130163842,0.8699916204616607,4.09673386290623,-4.8422978134223325,1.9597534061240256,1.9976703473862574,-0.5614171274477671,0.0953827715077758,3.72549438308959,1.652500615271111
-24.0,-0.8757168307978183,-4.663752403552575,-3.788035572754696,2.793491513457062,1.4356902669189155,-4.260160003777127,-1.9453293798342421,-0.021173124344476102,-2.992071083332628,-0.12513448693251863,-1.1341702550805877,1.2279731486015035
-23.0,-1.6645410137407728,0.6293596974554141,2.2939007111962555,0.5351855097812744,-1.987689544366413,1.4282214012097325,-3.307325377623413,-0.07901026788626225,-1.1556797901187503,-1.0735726540377843,-0.4964123069230215,-2.383294849266871
-22.0,-0.6411187163781304,2.0305380420691472,2.671656758447323,-0.6771762392847777,-1.6574497215166892,2.319408656273062,-0.7911070949111836,-1.4060483520470441,-0.8153280677885661,-2.1063079570108174,-0.07821435169267443,-0.5300041515963855
-21.0,0.8916702002386414,3.818838497137576,2.927168296898955,-2.411454795643865,-1.016910957768073,3.422035274527426,0.6090916867395472,-0.5383533067427162,2.9192900860120905,-0.5610827125518406,-0.990810945047679,-1.9757938700799138
-20.0,1.973733609089935,5.973279155091332,3.9995455460013716,-3.9430585766474264,-1.0154062996105715,4.958901269050925,-0.4133494942218666,-2.536193284660721,-1.5112758256824774,0.37702214307471404,-2.9793860084706765,0.05544668740785508
-19.0,-0.09831744946322174,-0.01120427226453824,0.08711317719863088,0.014895484522087,-0.10259851316600108,0.09192297729020815,3.7740769793885693,-0.8212530369603732,-0.11117822234168459,1.7102059655391595,0.48106225624529664,0.7761104296962795
-18.0,0.12963131708841208,-6.660639823086781,-6.790271140175243,3.232896108272911,3.519104095775511,-6.746806219257641,2.872781898748843,4.810699449257611,1.4127666835608217,2.2527670665248922,1.5167203231499817,0.7878031945687917
-17.0,-0.5773941202009637,-4.384529767460053,-3.8071356472591296,2.532312955398236,1.5850940064259245,-4.11321360027241,-1.9321313903891175,1.0102164394524198,1.550535215935621,-0.1766803378330406,2.819600014902905,3.17619621360737
-16.0,0.21469150219803995,1.3650337657983176,1.150342263600276,-0.7356151673743947,-0.506439496220211,1.244303761163081,-1.8687668058518236,-2.1948137860587558,-0.8021869455540048,-2.646087499372296,-0.8600117961957281,-1.3404833709936506
-15.0,-1.8099646569867016,0.7324750535197482,2.542439710506477,0.5148366101954733,-2.1419149186176396,1.6273067565338837,-1.4283220822857445,1.9505266106711452,-1.4405504703456815,-1.0450610313491113,-0.07599272614776567,-1.3370769352295804
-14.0,-4.175207823285159,-0.40586127626792623,3.7693465470173004,2.2651697444557892,-4.018290668384035,1.7517897734213146,-1.250548560548374,-0.2132716785330886,-0.1030802565538691,1.1140828213226401,0.9767408511688649,-1.0228768782042068
-13.0,2.8165916459588227,2.1317523457497245,-0.6848393002090627,-2.5022862557267604,1.786820917684027,0.71325818361895,2.728025870383898,-0.483130940136192,-0.7517332834824655,2.1628218100146115,-0.2019781900731924,1.5512804435253462
-12.0,5.143332606273122,4.737885879596912,-0.4054467266762176,-4.9713196711755465,2.818319233622743,2.150626036044323,-1.1963560606547292,-4.156154989064437,-1.3256392477056593,-1.1774401579337317,-4.186688292577957,-1.5246912934417147
-11.0,3.1204965008663197,-0.2559159429120783,-3.376412443778434,-1.3848619565545044,3.2242101571328234,-1.8412299883950327,-0.3775666821044784,0.25694302694044646,2.455981086929895,-0.7083980850674567,-1.0694287811704242,0.3513663861836786
-10.0,-3.8702239235366913,-2.0170863179131464,1.8531376056235154,2.9938901953680257,-2.8752093269089953,-0.11947783827373437,1.0016935587726459,2.5959346690234826,1.3029542469800002,0.5880485399035009,2.9252241826194654,1.1654882761209735
-9.0,-2.80241712940508,-1.4937848038721635,1.308632325532948,2.1260270171463427,-2.0609506206568207,-0.06432066375540824,0.757550039865636,-0.6551502915226597,0.9862146690722485,0.230957374212501,1.4558050982768815,-0.4772101788741805
-8.0,0.05600448777165923,-4.0378846241363355,-4.093889111907944,1.9776222081076573,2.0730016611640205,-4.048129883739215,0.06947704362351492,1.7457818587168057,-3.0224220918793017,-1.2198905474190558,-0.9840834463691928,-2.33853328121596
-7.0,-1.8402110286583906,-3.42331266013709,-1.5831016314786814,2.6270445229750505,-0.1322935566940041,-2.4908667663957424,0.940939941719916,1.7236788552773057,0.6257097549816216,0.47182769973091016,3.6339021539704643,2.0347736453822356
-6.0,1.1107008131782767,5.209108098891438,4.098407285713108,-3.1589349782376237,-1.5038505622869618,4.6669258366397575,-2.445214885874516,-0.5569875791410269,0.3017229007996088,-1.2827554859120862,-2.274248304886891,0.1108935344422205
-5.0,0.12296255553921842,5.383753906712121,5.260791351172825,-2.7517197071346886,-2.5877814974916484,5.3418724493892435,0.25925539801740727,-3.576483837908728,-1.2307366360276417,0.6447213670527571,-3.1214939595134137,0.8157302130237701
-4.0,1.4658598581727853,-0.38474732388630795,-1.8506071820591563,-0.5440199392737282,1.708764752230917,-1.16687617378681,2.235598481538237,0.49622682251715866,1.0797489450615154,1.236314585072889,0.29446364894826416,0.5076839874864633
-3.0,0.193771274853624,-1.4093034298097367,-1.6030747046633713,0.5943012844123563,0.9407455778996675,-1.5446077821274595,-2.0198756191546337,0.19689521318162745,-0.8623076272851066,2.521404334080027,1.2326318821676563,0.49582717894027684
-2.0,2.2511719162303314,-3.586752697583834,-5.837924613814063,0.6417058522973461,4.001764481663564,-4.662853703552699,1.4594128519721044,0.5513318399627304,2.0813406613868293,0.04112037750572062,2.1491744403816564,-0.1316761693731824
-1.0,-2.197278127133115,-1.9641939374341535,0.23308418969910116,2.1211716605118673,-1.262536475664541,-0.8890389715108058,-2.061029240301913,1.1797467359208471,-1.228257699019213,-3.5619111727759485,-0.7361519918106321,-2.5269328500615904
0.0,-1.9088508084683466,3.2364276554503038,5.145278463918775,-0.6324044255354848,-3.4988022118387723,4.247568629617887,-0.2669862494840886,-1.051613622339698,-0.0262863252320098,-1.319046901735617,-1.062189887143043,-0.4476228988223413
1.0,2.2485519065917225,3.494245254878237,1.2456933482865213,-2.9229428583801482,0.527830010462514,2.3448139362803726,-2.8208977741347687,-0.5674374702654743,-2.46880756291363,-0.957396946385044,-1.3855833509550661,-1.6520875803157828
2.0,0.6675687454761128,-2.869702873257242,-3.5372716187334707,1.1291049663770774,2.0496294776479793,-3.235837993405748,3.9200752489816173,-0.13056767443218764,1.3407183127660796,1.3835131189952756,-0.1200679986385933,0.25030329706334614
3.0,-2.564718299828054,-0.4149711657115144,2.1497471341163337,1.5223887606423279,-2.3299932635571166,0.9038417630478437,2.318252909247218,0.4584231858640773,1.3498325651228655,1.390657092987859,1.028033130821635,2.7043457205546795
4.0,3.155585734756397,0.48971475507982387,-2.6658709796767717,-1.8629270638562856,2.9411058635380316,-1.1409560161879775,-0.38107747896548805,0.6998177717223689,1.22796081631125,2.3910827221535818,-0.31331657831617665,2.4396035140159653
5.0,-1.531300273221078,2.024883349033361,3.556183622254337,-0.28206911249259203,-2.587431914783743,2.807723290415244,1.804801148296158,0.4681483626628949,0.5684928872180611,0.0069269768510908936,3.7952609240902464,1.8463012577037108
6.0,0.5569072893619025,-1.7874897673476333,-2.344397056709477,0.6611337507783219,1.491077987635127,-2.0532859769742444,-1.1374554993935844,-1.0989022048044965,0.4505604111355084,-1.6313900817601048,-1.175019697861401,-5.208694312601402
7.0,-4.101546662306858,-2.031232582217448,2.07031408008959,3.0325932285330004,-3.1194504025201506,0.03296151150708232,-5.494037479541484,0.7164047185830037,-3.5563114836122267,-1.4910401955079298,-2.5860223657165022,0.5444563006102663
8.0,-1.6593978798977487,-1.1868503149920535,0.47254756490589045,1.4643499049725157,-1.0177359712162455,-0.3381796713754169,-1.60095001836474,0.34345610207255084,0.13171891010544456,0.9638470089129214,0.9935582551466866,0.25100670002753933
9.0,2.851391300356591,1.620623917168728,-1.2307673831877421,-2.2789630791358917,2.0110510193525597,0.22215141404508798,2.245623187792882,-0.38422444592016736,-0.8175988200577603,-0.13478874604649566,-0.6207407086333951,1.4473736216610704
10.0,5.072757191240923,-0.6792975325040511,-5.752054723744948,-2.166667289707326,5.380544999026673,-3.259123990987729,1.9420396557864883,0.2657119880267844,0.0454857012420845,-0.46865399342891745,0.2668949428684166,-0.7748670340609984
11.0,0.8909807207508007,0.5206910866924432,-0.37028963405837234,-0.6805321959723889,0.5958296087598853,0.037211254301879604,2.9850036831735025,-2.961781643696948,1.1308183615773004,0.47021646267656225,-2.415821103036685,-3.427564645648717
12.0,-1.9455653815053764,0.9994043451617476,2.9449697266670403,0.4167473809117487,-2.4036438111601877,1.9360303760558715,1.3228043538847054,2.280318771428604,1.3834808442323836,0.316010511769646,1.863781908477277,0.5704848218687205
13.0,-2.5068789916729504,3.604369005390985,6.111247997063785,-0.5268976202334869,-4.267779692951317,4.899298620154983,-2.8123995032476268,0.25351205992509174,-0.5969854524910625,-1.478109988957227,3.8160797979617698,1.6904809461334762
14.0,0.5383136051414796,0.59578319479943,0.057469589657805464,-0.5434370444012188,0.2834791414932427,0.3658224556855154,-2.6572138847476063,-1.2474726635974265,1.0923573058889544,0.8772442560121098,-2.2470856050465584,2.3572138865227483
15.0,-1.328293269735263,-3.1132030100282417,-1.7849097402930276,2.169337464608402,0.19524480713405157,-2.4116156874967514,0.9850641230249633,0.6980677214275819,-0.37345992094945946,-0.5562446789101554,-0.7970732591596145,0.31311584741786214
16.0,-1.3265270599111643,1.2365607547405224,2.5630878146517415,0.07729980545900128,-1.9762874107394874,1.8582094545890655,-0.822269315499154,0.455693276113097,-1.7021322619819232,1.0003700465799163,-2.6584225888017237,-2.623262875147498
17.0,2.0349109969108956,-4.42114052465145,-6.456051521562272,1.2306791646794233,4.213235700459564,-5.479100312665986,0.5426430196515959,0.6407297344917604,0.14887104726311118,1.3214491203418066,0.9794592081832669,-1.3562531699917795
18.0,4.163190815013307,0.38668898738655044,-3.7765018276267144,-2.3116628366076375,3.9347223302070704,-1.6546972100281367,-0.4212737114078021,-0.8238231080471727,-1.290939593359364,-2.2446346689633847,1.6949932829056313,3.695653956973918
19.0,-1.7177237473948077,1.3461862793682353,3.0639100267630566,0.15189701583908377,-2.3504047715677667,2.1687487598739046,2.919280131255238,-1.7314465049530092,3.214928236572598,1.8397728543539822,1.6960289042845793,-0.5918304331191351
20.0,-4.768094709604728,-2.1732047843409856,2.594889925263757,3.516479562392214,-3.6422726009044064,0.25550455197083743,0.4722467223876323,2.698894229755255,-0.2780377479479501,0.29256843293813173,1.3827543624349954,0.026479088230844827
21.0,-1.0031868838045355,-0.4009822851349051,0.6022045986696765,0.6685967790973961,-0.76103478427723,0.06863820355606154,-0.8819157771696893,2.544908058585487,-0.36361450456005756,-0.49565168135522963,-2.022479113628962,-1.7348667760852279
22.0,-0.46901761289412724,2.8679491007779685,3.3369667136721377,-1.1553725613394452,-1.934013660369117,3.072450008487844,-1.6763770704559395,-2.4936721320404667,-0.5677809482752635,-0.20284335022493577,-1.475968317147454,1.2991726392120526
23.0,5.713500898477608,-0.6153247986119308,-6.328825697089523,-2.584385967748238,5.998252762343224,-3.4218530937938803,-1.1542741994706196,-0.961529027281453,1.6450667448196685,-1.189045660041987,-0.1849519680856554,-1.150473618274109
24.0,5.074481868040193,5.6227635346214555,0.5482816665812318,-5.383102360754476,2.247995572857117,3.135943863623406,-0.23416928720388885,-1.8580655204051797,-3.990507029184209,-1.3642303735992825,-2.7403694619249084,-1.9951289727001926
25.0,-3.173279531101114,2.2924848011024808,5.465764332203536,0.4872627874314277,-4.329240515041926,3.848617108413044,2.736602162431639,0.2022195202118554,-0.843158819662188,-0.9700432888562301,-0.8075693983668384,0.18751692897392502
26.0,-3.0337743544313938,-2.0628744562595562,0.9708998981717791,2.598960296926459,-2.010331470278225,-0.5818548742514881,-1.4405552401008597,-3.2421520495920086,1.6613074449915903,2.393817235619843,4.2588376176895775,1.223801042166103
27.0,-2.0642048955164913,-9.754287759862358,-7.690082864345899,5.884586905595691,2.881487903908908,-8.76634183782633,0.6890219404706258,4.137355261557482,2.6215863937841033,1.6960695971009363,1.2895932808542785,1.1558810390907182
28.0,-0.8250693395655269,-1.7588138274982574,-0.9337444879327359,1.2685711460822953,0.03845833069693727,-1.3212080539250226,1.1052893157129786,3.469526692656485,1.713302785996684,0.3736374119914363,3.69213674083211,3.989674278078014
29.0,1.388833587227128,3.1754905382902816,1.7866569510631634,-2.307741977026393,-0.2230084194167159,2.498141919952908,0.5536323032176913,1.0500023625730106,-1.4797729417785344,-0.6477900107334644,-2.5530728895281056,-1.874906025916987
30.0,-0.3671995701118209,3.306126955029747,3.673326525141587,-1.5008378654116417,-2.053828467802902,3.503073479193926,-2.1370656693049965,-1.7772809999350494,-1.151574792449006,-0.6004681824259135,-3.558361235359473,-2.0340921045739293
31.0,2.7936058506956924,1.1496860122989188,-1.6439198383967581,-1.9323822505823542,2.2547818727117646,-0.23160755787792597,-0.24617123978265687,-1.4783429542012922,-1.9155553915458663,-0.5703241759162975,-3.2695226506814796,-2.621932232884472
32.0,0.9177944653839067,2.522659606295414,1.6048651409115058,-1.6893643120189987,-0.31478904832235044,2.087069877633767,-0.07136127334883319,-3.401013918355778,0.9396434038409548,-0.1310075748426579,1.0168775268466286,0.6410723242213066
33.0,-0.03201521655517792,-0.7442543804925357,-0.7122391639373828,0.41219753830666783,0.28599114025924155,-0.7722666288141571,-0.44095051396543156,1.6444224829872598,0.21676832377325173,-0.12189143700659155,2.4405546327231806,2.0175985850329257
34.0,-3.39505475957582,-4.854846267805069,-1.459791508229282,4.066143361032224,-0.9433643681778752,-3.189308307073333,1.2826791214269873,0.43591212112080974,0.2687312398939115,0.8602337671725947,3.9102292387326885,-0.5462385725227668
35.0,-0.2326605447895338,-0.796697901430024,-0.5640373566405081,0.5332998211231237,0.19310441109454224,-0.6239685478965495,-0.13061725528317703,1.6041630307689514,-0.9926127520278345,0.977197118059578,0.10961691616292613,-0.884100320809218
36.0,-1.3064522905114626,2.229502207584967,3.5359544980964306,-0.44200088118715986,-2.4669501549933983,2.8655134938891957,-1.603860753594053,-0.7788343500598671,1.4039045513932182,-1.3680137235333847,-0.7579603113809928,3.3892168412486816
37.0,0.8474610712347932,2.0340489015591565,1.1865878303243682,-1.4977096011010853,-0.1302199460348631,1.5930186714902077,3.1693432165900646,1.4284605070382106,1.8143484302732673,-0.436777466566107,-3.0480061819755853,0.7863838555042014
38.0,4.151271628862947,-1.2728772296410908,-5.424148858504044,-1.4146057223610486,4.753477557413797,-3.3703569543365157,-1.647960950798763,-1.72045359891885,-0.4381914864141212,-1.4349567980618747,-0.4363602455972595,-2.695530840218451
39.0,2.314503364350692,1.8330046117149117,-0.4814987526357961,-2.0465432448503575,1.4448430936635053,0.7255800847097431,2.048998933977331,-0.9510385845205054,-2.14866405662989,0.24193790205885146,-3.9067747062637372,-4.180394593868706
40.0,-0.3268602432102018,-0.5254093364239576,-0.19854909321377912,0.45526599372061627,-0.09757257020641685,-0.3980785647702083,-1.5297745941293095,0.08293604591561071,-1.5513820999163137,2.727778870588688,2.315945145766281,2.2405774948862707
41.0,-2.0952335004390004,-0.12929425858783267,1.9659392418511465,1.0636215819933403,-2.069301346131533,0.9558562505591213,-0.4202992084937064,-0.2664758387558669,-0.3394619820387501,-1.9059717198091655,1.2741117847400618,0.12151894415090092
42.0,-6.833181934555894,-2.6162004814042445,4.216981453151638,4.676283668529237,-5.493003553997253,0.7573170790393845,-0.19945309229947283,2.4204932100940018,4.060706273660191,3.4915917240387433,2.6605779461544476,1.3095349258524958
43.0,-2.0839972521575847,-4.303425631514108,-2.2194283793565166,3.2242343637107305,0.09109750099966529,-3.2244617123289974,-2.210432024842596,1.7588256333372652,1.1599851897248186,-1.061761569868207,2.693678984573674,3.03449213354256
44.0,3.241114734682122,3.511379495702206,0.27026476102010094,-3.3447277702605955,1.5015399367705018,1.9308719390567863,1.1591501618339157,-1.7878516178325594,-1.875159046012199,-0.8140285487945034,1.4131730655256933,0.3225307359660038
45.0,3.6107687058742837,1.5126129289006176,-2.098155776973668,-2.5278528388306754,2.7878511367732024,-0.32863957205545247,1.3881566441462498,-0.6971047085051175,0.43480211126692114,-1.0111942007695895,-4.957298593816855,-1.9969052520438086
46.0,6.9286836153576035,2.3796109093943802,-4.549072705963258,-4.695694143741761,5.75145590458266,-1.1199066736998642,0.5240053054837444,0.15633984661155953,-3.1966371007096956,-0.6764339805198656,-2.9101933371630233,-1.798783240308473
47.0,-4.811769393474341,-0.9930603630814996,3.818709030392768,2.8642234835326166,-4.297747126416593,1.3752802761431187,-0.22943168957090365,-3.6803702691321174,-3.161076023408328,-2.3347110955985766,-2.767984427420285,-2.5490277345800347
48.0,1.1680824952082787,3.531949676626457,2.363867181418114,-2.30756829108318,-0.5722257473089356,2.984022156658143,-0.0881088443992502,1.1049270951952008,3.765273220611218,1.8341720547890759,2.505204385284391,1.0996953846100643
49.0,-1.5512746826826784,-2.2043785818101576,-0.6531038991274947,1.9193666635023097,-0.41438642175533835,-1.399252095581502,-0.9106135909522464,1.768663617342383,2.843982563856412,2.6890945217022724,4.06094909961772,2.2158087797301405
50.0,-4.875072000747917,-0.35173943940415975,4.523332561343776,2.5718012120100755,-4.736343680335206,2.1083853287533034,0.05443427327911787,1.8063569419523033,1.2891414209730074,0.3562503435612856,3.7199757754828573,2.9746896369770752
51.0,-3.8750172320651597,-5.852858527599444,-1.9778412955342666,4.814824144681815,-0.983439528874894,-3.8992118494906802,1.5295023267124455,-0.225771525793376,-0.9199726359567312,-0.2315367158210082,-1.676396720517015,-0.5078295420297376
52.0,3.2314521522817423,0.7939516093963164,-2.437500542885426,-1.9921048462495787,2.7963325782483177,-0.890205878791843,-0.9703412068941544,-0.040629239133835426,-1.4131957413210952,-1.939972866111728,-6.41881068124909,-5.9228764284897455
53.0,6.653778868212143,4.129392813959607,-2.5243860542525507,-5.379105434231246,4.621831855692543,0.8077479280378771,0.8126545482427054,-0.8442565519797275,-1.4991453815430764,2.5571287147531585,-0.48412236687747257,0.5654506097146701
54.0,2.547445067274394,-0.48199453211989196,-3.029439599394306,-1.0249584383333294,2.811323263548816,-1.754247495247692,-0.5809205621580655,-1.9571457338243414,0.3785585336297873,-2.7182146796425957,0.21418746201616679,3.1811253659633607
55.0,-2.6535155801880492,-5.394833176935526,-2.7413175967474848,4.032142617382753,0.057914747427948,-4.067985709648685,-0.8791867512426116,2.176479695384267,0.352747355168045,-2.041566697361912,3.373119633998407,0.7411599972206107
56.0,-2.7738056972580303,5.392643684133465,8.16644938139152,-1.2964670756916816,-5.461613521077496,6.781883385048893,-1.3780718047840408,-0.9748353403139678,-3.1388775686855137,0.5177757478709962,0.9802946242732946,-0.4894587170786565
57.0,-0.4696049095226038,3.6599336745060693,4.129538584028715,-1.5742453542130361,-2.2920902799246514,3.903627983405575,1.2939304650693093,-0.2828163499170301,2.7392805736122723,2.329080698410979,1.2012842153052357,-1.795993683801968
58.0,-2.7187273616300915,-2.9523052672652925,-0.2335779056351739,2.7858514864231956,-1.3105716375370102,-1.5736467340978142,1.7578801545491767,0.286674281525475,2.4792284048573925,3.7270267413284315,1.2726070355056436,1.0588676814963012
59.0,0.017948237745672557,-0.40935751577796475,-0.42730575352364025,0.2305160265823697,0.23992184912456016,-0.38653271947255186,-1.088462765529796,0.24029875083074267,0.21511733174686398,-3.361072096000133,-3.4530260373667554,2.1193422681627885
60.0,3.3739117373880774,-0.9917557772353424,-4.365667514623444,-1.2331061640369447,3.8954202369363866,-2.7136292740925803,-0.17489810908940173,0.33496617585123645,0.33518552511640753,0.3441554911713115,0.15154252146293112,-0.21222183802289213
61.0,1.2855427643855497,-0.37107759294981224,-1.656620357335382,-0.5006757388904275,1.5052226302627205,-1.0396658266338856,0.8151167212515966,2.099945210883389,-3.357419074671643,-1.7986508357368196,-1.1310640333697277,-2.6228141855062574
62.0,2.2918992796570237,-0.525412163269425,-2.817311442926494,-0.8505574550966782,2.5171750000172093,-1.6924031538320985,-0.752486148208426,-1.2846222760437618,-0.3466378179067753,-0.2475337662955882,-1.4056360779283896,0.20191303226446444
63.0,-2.952923913410663,1.4950273445549305,4.447951257965522,0.7605171475836803,-3.733084940761387,2.9510262102539913,-0.003366034184274058,-2.2787721064761164,-1.48322048591824,0.9016516384307738,0.7344690213509683,1.1494051421498752
64.0,-2.3014541750637925,1.1468852150765365,3.4483393901402972,0.6111605860328282,-2.8267014304141522,2.3536093954694013,-1.4014676746617394,-0.37480729182896677,1.3284413426855577,-1.445385693164004,0.42246055791395165,-1.9770968193538716
65.0,-3.0400647301570642,-2.4238769578329586,0.6161877723241136,2.692939023360594,-1.8586998578092886,-0.851335277626041,0.7869352655852511,0.7435664110590328,2.3237452798565723,2.3973639843154384,1.8475484474117287,-0.9823000291107461
66.0,1.9802240815941101,-0.8826547980435377,-2.862878879637643,-0.5015313302484186,2.3900485515460916,-1.9025039769639336,3.128782723572643,0.8929804653783903,1.9817767908981045,2.255600099256978,0.17859148749085763,1.2157706070770082
67.0,5.6596739788969055,1.0625567396665538,-4.597117239230338,-3.386370237055981,5.175082081714107,-1.800112040774517,-0.8144657799887751,0.3511158166460776,-1.1926391957250475,-2.316480181469398,-2.6297379007040167,0.7071393703995866
68.0,1.2821596567161941,1.5375517617317653,0.2553921050156005,-1.432912780427415,0.5606282251588637,0.8608239653626151,-1.392419868476719,0.1272922087891903,-2.14438832640198,-1.874773653786567,2.103619449806173,0.8217718833332702
69.0,-0.2833482293231232,2.420713167727892,2.70406139705108,-1.094771690617627,-1.5236596838056093,2.6027023113674863,-0.5373173573377683,0.5237979109223762,0.5497241857870061,-0.6922248891178417,1.268617349419804,1.8147448017547836
70.0,-2.455558801221518,-2.9466473681231102,-0.4910885669015188,2.667777538123586,-1.010511208649954,-1.6814664321182584,-1.489610965200749,-0.27125886494169976,-1.560850570072054,1.9958418888874676,-0.7780441416018695,-1.34749739360922
71.0,-5.960821673207211,-0.9163480989105457,5.044473574296764,3.475409331849221,-5.530194036849223,2.0196253720458244,0.02136585466963342,0.15255151963524116,-0.940161322183903,1.2787422809482538,1.9673554419984158,1.2427989298154012
72.0,-1.6656578715470962,-1.1296985286418106,0.5359593429053198,1.4278945704792751,-1.0505670387043298,-0.2657626993903547,-0.4941549065151236,-1.7622208802132766,2.3005680355924296,-0.5229317412983122,-1.6225483412262447,0.864067799514859
73.0,1.0418636794134002,0.03747308770655011,-1.0043905917068743,-0.511754861906246,0.9918081873716385,-0.534171480650323,2.372342866367708,-0.38264783484631293,2.8878675021180684,-0.626947613895183,-2.5099234308550855,-1.7931577269363692
74.0,4.501788473299822,2.2927335231225348,-2.2090549501773964,-3.3670667679625765,3.398550946115715,0.06746479921125481,2.7386385755915637,0.22718750372874924,-1.7738868543697288,0.7657246216731441,-1.6429362261379217,-4.671569918937722
75.0,6.046024693357818,0.2908079270554593,-5.755216766302458,-3.2117731387262074,5.8598655937395465,-2.7076220858721536,-0.2319736424724651,0.3059423191529482,-2.007794812417275,-2.335670874038147,-1.2798482074752313,-0.9666050680255098
76.0,-1.2049260396000174,0.6163507977776461,1.8212768373775985,0.25650775443735085,-1.480302691608054,1.1656142538884755,-0.2618788541935961,2.9405677963207677,0.6789305321553974,2.2493385539371964,4.071609094002513,2.0959378037666734
77.0,-1.2736136521885626,-0.265310076040044,1.0083035761484924,0.7355994706259481,-1.1914219203827843,0.4002666415605115,-3.5687582740875694,-1.5612872388482095,0.22836589397728227,-2.0610344490276487,2.3181362997919024,1.2327695409434813
78.0,-3.882510783310056,-1.1717405702882915,2.7107702130218194,2.573620830438292,-3.2716006798420207,0.8033227675764487,-2.154203237357005,-0.8799722601752146,0.8464131833833813,0.16252671732373936,-1.3977556767377362,2.8944391940368908
79.0,-0.3313686251551342,-0.7255444207400551,-0.3941757955848617,0.4961987270103214,0.054717063368681984,-0.5991145329774812,1.3720074920154839,-0.9992847109264943,-1.429037105768653,0.8807896240461607,-1.8068101269118269,1.672257369304407
80.0,-0.8205891846274262,-0.9428458823896111,-0.12225669776213488,0.9278522312287217,-0.32621898671217153,-0.488373399385127,1.9830791988944438,2.9448319965260064,1.1015098146773739,1.300882240145358,3.1490979171446947,-1.6807204793339092
81.0,-1.613144154215333,0.015462657615357811,1.6286068118307213,0.8451035302175294,-1.6761448839607058,0.7895469793341817,2.898961635545673,-1.8328761000429323,-1.5195990696541135,0.8174710342879172,-0.40725622563120184,-3.0746585904022297
82.0,2.656606607895095,2.460604530251205,-0.19600207764387312,-2.5906048724807555,1.4507773179608248,1.0984182982693842,-3.0547452106599464,-3.240937379351906,-0.7129906657936824,-2.524410253291009,-0.7885721189874662,1.8561822959514753
83.0,0.6122142128175772,0.250593880234973,-0.3616203325826475,-0.46350235623025937,0.4339806549158747,-0.015248452162551607,-0.4052188068754077,3.078258646455941,2.7269393900199863,-1.1473071037906575,-2.6995104915789527,1.1836586302485752
84.0,0.5482404482558441,0.7608607676799756,0.2126203194241002,-0.6884643641847886,0.19555983869756888,0.4418612423699694,1.0843556787403987,3.6575294226489046,0.8132159850379725,1.1378648537838205,1.5128143114194124,-0.4307103169042748
85.0,2.296305757904589,-0.47705527586762164,-2.77336103377224,-0.868993480797999,2.5654061769982217,-1.5974665222249798,-0.49526470164669667,-1.1367584523890306,-0.05426347886900523,1.9171709540080983,-1.1707717947436427,-2.1133804216120455
86.0,1.2864121585377446,-1.9576555140363814,-3.24406767257414,0.36971243902624973,2.2994306769243407,-2.5770671173283537,0.5046116257685773,-2.7483263437247,-2.046971437223262,1.3069374214036598,-0.819841123887765,-1.8449535719262042
87.0,-3.696589495107628,-4.055395899617167,-0.358806404509569,3.8231235763434124,-1.709679989649354,-2.1839966241844397,-1.436586490984038,-0.6071856703259078,0.5349711095922003,-0.6807591907414335,2.1655116804463357,-0.41104727640295474
88.0,-1.9221166825607434,4.672976853429262,6.595093535989946,-1.3584131651695284,-4.296401274365586,5.580890689706281,0.30915542518898,-0.8313069601671321,-0.7224953583782299,-3.2970157160782874,2.9765618415372854,1.034689459786423
89.0,-1.1841706781663812,1.3019636478317456,2.4861343259981217,-0.05029214278414493,-1.7926974772348951,1.9243341207420641,0.41954215079409674,0.6275037464289093,-0.42776771422476867,-0.7626035484585532,-1.508554179922646,3.046617893118008
90.0,0.7450153361289816,-2.3733781384641555,-3.1183934745930726,0.8158194539748376,1.895317788054418,-2.7889455992903667,1.9313698604686524,1.0900653613681603,0.305720416650508,-1.4877709259312006,-0.9226769631642833,1.6202807488132922
91.0,4.281666533202812,3.589672182599998,-0.6919943506027134,-3.938799506419089,2.528068034623999,1.4892721536809599,-2.1948157480561497,0.8519102220577262,-0.8117521853492939,1.469985606083031,-3.832010627894165,-0.3745430559776608
92.0,-0.846732234321832,0.04632146337459886,0.893053697696534,0.39496647665464724,-0.908611011732565,0.43443105357111034,0.2180816622935885,1.556782450326526,2.3163178262656396,3.833368634400575,2.458309723385027,1.4776458440419002
93.0,-1.6358195858097786,-1.9567775107553977,-0.3209579249455352,1.7917927286055582,-0.6177445039159281,-1.0945758950196756,-0.0697124416064405,-0.27442037501533023,0.8204669270123104,1.967715305903491,4.044478139984585,-3.764607316453183
94.0,0.6849380788348991,-2.0478419106837698,-2.7327799895186393,0.6804280680323416,1.6708509299553937,-2.426416913669929,0.46124503879889284,-1.8735725235336276,0.1417133181353788,-0.7095126571041055,-2.082925443699337,-2.253391041813658
95.0,0.10604409158157083,-1.9530742673752814,-2.0591183589569027,0.9283107118592608,1.1256882721499144,-1.9673850834890652,-0.9766039831777569,-1.1000716456569082,-0.5869747541304015,-2.669011647724788,-3.305540632014366,-0.7548991203466417
96.0,0.66230485948402,3.35016528185664,2.687860422372462,-1.9940610050833583,-1.0454739421513233,2.973265980786689,0.367842053779064,-0.6455521418522217,-2.993100268905161,-0.7022175618874322,2.333271230534102,1.5840634598512977
97.0,-3.392008627701943,-0.22398525844460915,3.168023369257147,1.8280089118107632,-3.2315377761707142,1.4984256699328335,1.8079216879752213,0.1687165990353816,0.6434174302447382,-0.04360686330049712,0.9385078236350162,1.856565324986175
98.0,1.2498167309808499,0.3745750674455285,-0.8752416635354154,-0.8638431875336005,1.0331582784832944,-0.2301664231606786,0.1430978122379869,1.5828620592915446,-1.2820746355098167,-2.32592478442052,-0.8624278064463298,0.7091728684688485
99.0,1.898243190959168,2.9059489250169617,1.0077057340578182,-2.3696294615465705,0.4149066014423627,1.893830480541568,-2.6650279047579417,0.03821288366149067,0.2538890087889206,-0.37684478060478926,-3.193375708028277,-0.7418148540190117
100.0,-1.0845184437672142,-1.5273081545334792,-0.4427897107661098,1.2628038218697637,-0.3535525924519754,-0.9704864582570377,-0.42359712263874416,2.149096098804932,3.7967292209268426,3.6099660093433896,2.3075612351392567,2.1809077170479534
101.0,0.8282658476208481,-4.538404080875681,-5.3666699284963615,1.8918387017944662,3.141146943720913,-4.935075681983159,0.2930288754117458,0.5927402617555599,1.600548938703309,2.7099761122461086,2.0421825254668047,-2.304171728244223
102.0,1.3507967826914862,0.18665363488312336,-1.1641431478082631,-0.7322323996931792,1.300015357466631,-0.46444634334278345,2.511723177398737,-3.9708057024356087,-0.06675089462141337,-2.04944675198845,-0.5287801087899113,-3.052761182296306
103.0,-0.5674347778736644,1.933351756743963,2.500786534617637,-0.7259575091473123,-1.5696763824506146,2.2507569393921756,1.067946926947448,-0.800946889732,-3.0734774678533228,-0.13904518721576303,-0.6480429328008491,1.099168455635564
104.0,-0.6788785310051889,4.611942540849631,5.290821071854786,-2.009664857179449,-2.9399336743917424,4.915979035778945,-0.36043659478241186,0.5676477554649324,-1.7260086785835198,-1.740280083337619,0.8377637197954781,1.6455289417572998
105.0,-2.2961881885203512,1.251714967274024,3.5479031557943106,0.5593370119902509,-2.9547014155467375,2.372031019990879,-0.22932610998624992,1.3622021967419735,0.9559856996743248,-0.04893665162817018,1.4833204351567715,1.0255357216066918
106.0,0.10780347367524523,-3.5846745243386895,-3.6924779980140205,1.7792672400478644,1.8662580033399576,-3.6621063640429026,-3.483753862191244,0.9507800479202101,-0.7178673898372413,-0.5214180887003601,-1.2497671628136648,2.0669595389867705
107.0,-0.5611104380642811,-1.2791358212267592,-0.7180253831625889,0.88807914220267,0.11852254767294756,-1.0211065017136343,-3.8964692235313723,-0.5098380334666074,0.0026360407228367966,2.777032811346418,-4.083691339228925,-0.7995873900246177
108.0,1.0750522265034266,-3.0347614054379646,-4.109813631941445,0.9548101313541414,2.545469088189333,-3.5169788107036526,3.6001287159152646,0.4310554579609661,1.2968736365373261,0.7198358809928965,-0.24336531348721602,-1.1473314032572643
109.0,-0.9087733524165258,-5.248803223583363,-4.340029871166816,3.138848921400058,1.7370798356764636,-4.740307249561648,1.5333468991749628,0.447078343764739,1.3457149867005183,-2.374285365148123,3.041152264277962,-3.3014000627378826
110.0,-0.11191677888981133,1.8342318062483678,1.94614858513825,-0.8761762931318625,-1.0176838833505848,1.86513692623577,2.347517579145148,-2.035116156943534,0.45170250666196543,-1.347583832526066,-0.4294392168412098,-0.23236568643101285
111.0,4.758209039809584,6.311753941992834,1.5535449021833383,-5.550643063563086,1.6062215137475377,3.9081451466060355,0.09987380382782196,-1.2994581490120138,-4.53110990296952,-1.0934282535178435,1.2245613978541194,0.12504721618444012
112.0,0.8914879154665514,5.396047134380337,4.504559218913862,-3.164922213923136,-1.805648949898028,4.926870173136645,2.104571443132463,2.2773351151993086,2.142904528453086,2.764707662964973,1.9386268666567639,0.2891482969396183
113.0,-0.40257608116948,0.7144711102064392,1.1170471913759807,-0.1865096700784088,-0.7567086159560132,0.893366446291247,-1.6804472721927484,0.157796474118702,1.879411333784057,-1.087515230154129,-5.049078013076734,0.9534842010785498
114.0,1.5727564083546506,-0.027677627745116617,-1.6004340360997726,-0.7354472014915396,1.5967592415261578,-0.7570926535524458,-0.9845739859314675,-0.4551924759760678,1.7834312793704326,1.3786810285397166,-0.14408874776121028,3.3594557166851704
115.0,0.5228498575835262,1.994810326614556,1.4719604690309682,-1.231741914499694,-0.532536327885835,1.711423785905923,-2.345115657592263,-2.0180721071035803,-2.9156120684732447,1.6194907015346374,2.2801363492617392,2.4390293662876816
116.0,-7.551603852037706,-5.48568787541323,2.0659159766244413,6.539217481828403,-4.775724765814239,-1.654537929483328,-2.490191905228274,0.4888722647903747,-0.7247058907921393,-0.7395110197786159,3.9991339656659366,-2.772326689814205
117.0,-8.566751033340402,-9.46292488858266,-0.8961738552422418,8.954965580188638,-3.790443521046504,-5.206237137662024,-1.6770123330479714,6.006278579518442,2.8464806722918556,2.9869119792103467,1.4395914193724377,-2.87119141965207
118.0,-1.0832037901484297,-8.073352426494047,-6.9901486363455465,4.600383099170789,2.9289170622570935,-7.563858072757899,1.9003488235402366,-0.13821909341245808,-0.7397516780197146,-2.371251352282842,-3.786424230735175,1.6244468098342753
119.0,6.116359707151021,5.931395845408747,-0.1849638617421938,-5.9945207989612825,3.1315138520841765,2.83403250701402,3.7488484700230718,-2.846336489188855,-2.0237068584834743,-1.4830655709417981,-0.7656391751517144,0.6210679884356599
120.0,10.310463732359437,9.765310233131963,-0.5451534992274802,-10.077471376512719,5.409568626619159,4.6422982654134195,5.958600364536212,-2.353877354390771,0.7956875049792553,-2.7226758880014867,-3.1476752259040572,-1.1568869030820874
121.0,9.56983532613861,10.016833958938957,0.4469986328002544,-9.822180434249239,4.540111256901728,5.258390665103352,-0.24561006721661593,-3.6068657987260972,-5.610785822931971,-3.1813203572491364,-5.775258758634983,-4.742943160802368
122.0,-0.5652862987523779,1.3232365900416818,1.8885228887939554,-0.3189066087385575,-1.175168707843488,1.6297730887250177,-5.850340915012973,-2.5754015995766566,-1.5202456555094899,-1.5503172281718023,3.2566490899702893,2.7182546998286634
123.0,-9.79960056954793,-7.644882836120608,2.154717733427306,8.711891304273738,-5.932207863550696,-2.7988076049109436,-6.500153484421449,2.9066375575655528,4.4747912253986,3.033188973081471,3.6345169542723714,-0.20213465047929935
124.0,-12.614313871187662,-9.72536942203511,2.888944449152613,11.165035638845325,-7.792022988840855,-3.3890628239075475,2.310172013948835,7.582862311070921,6.366166099849277,7.351399201055964,6.342807524067453,3.3462613705583313
125.0,-2.3069178657452047,1.1689672760224434,3.475885141767783,0.5664055609060776,-2.937390341454352,2.3569806022511663,4.304395012304373,1.4280453088826328,0.6734995863207596,2.731963956305589,4.164793108688908,1.6559767664465086
126.0,4.025105847751087,-3.015708661704797,-7.040814509455721,-0.5082328261861278,5.5616351632032615,-5.067825413926926,1.2642204771136643,-0.7937551375849836,-1.3170004103709607,-2.369706504300493,-8.03997524457976,-7.12369170200462
127.0,1.9373284944381273,-3.403159172397987,-5.340487666835988,0.7260784876941473,3.6653900034894815,-4.409131608800326,0.17589314192192385,1.073737776863235,2.355904814057062,0.7533309185023813,-4.065207022173658,1.4524660722730758
128.0,6.432198955750419,1.4904297846523262,-4.941769171098066,-3.9722817324666946,5.634665964309843,-1.6848839984986512,-1.8037875469747138,-0.821841768651655,-1.0047308657975331,0.13238294083945634,0.9541959167000065,6.293412217395575
129.0,2.829973664921213,8.728864121858091,5.898890456936776,-5.793596128483412,-1.505992889353481,7.273041366634844,-2.0922001481401606,-1.0243007864135025,-4.951127230949167,-3.5217376581922046,0.707964132263122,-0.08080100342041718
130.0,0.9840219840457175,11.814484080744904,10.83046209669905,-6.335600688498098,-4.891198296277689,11.3568640155825,-0.22367857522436307,-7.703879119037876,-2.4262608424034298,-1.446816317075461,3.720848493966899,2.6775205679024205
131.0,0.6465596719958941,12.639625428533764,11.993065756537861,-6.656403041407477,-5.716023426300559,12.348303273276551,4.552566696469476,-4.098923641510126,-3.0483123894545217,-4.285098105528573,1.6629122531191343,-2.621276364643856
132.0,-2.2246636038138874,7.0062925338486135,9.230956137662659,-2.4003808229710435,-5.688975696591415,8.071736659544374,0.7335011184628638,-5.517476893249715,-2.757925400766309,-2.051649045546661,1.568374771269858,1.6500580140866048
133.0,0.8350089845869402,-23.137488201846963,-23.972497186433614,11.145736503917659,12.364105521164472,-23.520511409813388,-1.4800758860370293,7.179430294366629,2.503361644238555,-0.9187388258259921,-4.984635054267875,-4.961840508931252
134.0,4.045797708284258,-30.281595209172934,-34.327392917456805,13.114902973482149,19.222421791722997,-32.34393986896763,0.023052786610122777,11.076194372242352,7.359402581178728,2.2964729358455873,-10.09743376383452,-11.20009425717371
135.0,-8.069867885297768,-17.491993067960816,-9.422125182662848,12.777484419994076,0.6263577574035892,-13.411878729860128,-0.9089969546790331,7.751097367178019,4.555254802580996,5.207555196346146,-6.762212911511253,-6.484983977539073
136.0,-4.517994231819368,17.877998805928172,22.395993037747647,-6.6872985775502585,-13.437391703889862,20.108929212493265,-3.627257399011552,-7.412700933617868,-3.5711048054356724,-1.6310659213786978,4.278006613516757,7.961567750557543
137.0,-10.600872798412112,15.95193504118344,26.552807839595893,-2.6894433365121833,-18.567243282072955,21.228104322485255,-1.616188074895273,1.3150375026233445,1.267618496411385,10.621991032957006,17.62063435803802,15.484373315182777
138.0,-3.3682551571528134,9.22193666672351,12.590191823876737,-2.8699102064893314,-7.977993914317535,10.961711802293134,2.1214400157596858,0.6496488424405795,2.1161189049672666,5.629777341123845,6.679454247032732,-0.4258108067500057
139.0,10.456129552311769,15.446082264697727,4.989952712386107,-12.98025745205691,2.729604566758211,10.193095345343956,2.0967656533314885,-5.111433599834686,-3.1094229870189585,-1.8109701753313474,5.602457611928744,3.804186242986324
140.0,9.715362019908689,2.9946374710748005,-6.720724548834266,-6.3891305869782915,8.214735800928418,-1.8924763721888969,0.6227426533017064,-4.052304284056404,-0.08838254874935414,-6.8190188018850595,-9.944152542571189,-4.364800691774844
141.0,14.133280685065342,-0.6992794180122357,-14.832560103078126,-6.673732894544683,14.484803819220941,-7.7229279829780095,1.428570119500712,-5.365711977709427,-6.363673943063009,-16.00794202394157,-8.95527186666354,1.0869774151661034
142.0,-3.481431674130395,-16.306347938344175,-12.824916264214181,9.861123358187166,4.682771387402012,-14.608268463801025,-1.5251811244581461,-2.856817763420827,-2.5696421730068715,-7.668898185732178,-2.6192334350207016,2.6835878794143864
143.0,-11.39604128067054,-13.649311598458148,-2.253270317787454,12.574834091751612,-4.549284610184495,-7.921281703286695,-1.4128363140283147,7.681282354514887,0.9922386185962555,9.829879137866248,3.3947340232388874,1.1588162228669376
144.0,-0.6711655178520832,-3.217755081790491,-2.546589563937676,1.9258708777930025,0.891569558877519,-2.8564545413011135,1.5228890518279008,2.3476259449446806,1.350740019539117,3.4384422486123833,-3.3934842714973374,-8.615478816421724
145.0,-1.059046856320113,12.36866215898419,13.427709015304963,-5.665853303507199,-7.203080656089394,12.84317569495316,1.877158734965389,1.6913313396254646,3.488362446421018,8.38512715935678,0.23366815348902348,-7.997060135207413
146.0,-1.3859363309521902,-6.956464077728402,-5.570527746776211,4.164920863158035,2.0573830560889395,-6.23952972758795,0.8499107504141281,4.462138028356565,2.3558503556758734,1.5199754386141233,-3.648721768999911,-10.51934500054887
147.0,5.397937255766487,-7.092047202938886,-12.489984458706264,0.8410784056592584,8.908412283759533,-9.765254165485473,2.348027190375673,3.5000760602851844,6.259871018724463,-0.41612390804267907,-4.8455621763619465,-8.097514247035278
148.0,5.68042493963411,12.978536479343026,7.298111539707736,-9.340226881302584,-0.7692692021858182,10.087725804048201,1.5842769482909151,-2.502730915694906,-0.031065437004361263,0.4251136671090412,1.420490244647913,5.41264423035651
149.0,-1.603204581148848,-3.098643116350342,-1.495438535202382,2.4096686947586976,-0.01909595731982839,-2.266978035988986,-5.856062052295007,-4.569535978863187,-3.769867679910203,-4.790361041677557,-1.3398199433702729,6.303324032957682
150.0,-15.301197415592611,-5.899509859853926,9.40168755573908,10.568219161451475,-12.399649162182586,1.7816932075905507,-6.554358139521408,-2.5289196072309874,-5.819817417021657,0.49516860651100725,11.506865166216434,17.86549582648589
151.0,-15.924854448335749,18.700984381383197,34.62583882971989,-1.4328562128161466,-25.247558091024036,26.614033066634843,-10.461552012062404,-6.996887798547212,-7.282631941785172,-3.042948766081878,22.813115644728583,32.82260127224967
152.0,3.903709893216126,2.0955000469703493,-1.8082098462447034,-2.976203381451465,2.882433926337538,0.17034755716456917,7.1250790922712195,4.5936042085698165,3.0941647754009276,0.19859032864915527,-1.3424478162840106,-6.045151253425655
153.0,17.103967956172493,4.966390612980312,-12.13757734319147,-11.01791609769681,14.56777283050761,-3.6405894041413758,8.943201085526505,0.82801345969962,3.6436014572113944,0.7154610306661718,-6.650241608418385,-15.084106326530122
154.0,7.481450806336202,-0.914090584497103,-8.395541390833248,-3.2667687593090236,7.9629684463302475,-4.632588650169872,4.227492735075573,1.3904196199159053,5.040968360004444,1.2162384183858626,-0.526668669809812,-2.1370401753891315
155.0,5.480622450243281,-15.477110207649403,-20.957732657893324,5.020590202477171,13.240990665075733,-18.19370012178484,-1.6668461571646538,0.5761407737724511,0.9868438206935073,-1.92947671073733,-13.395282340530434,-14.7035686973333
156.0,6.3296928021439705,-3.2751654819057823,-9.604858284050493,-1.5737556915819262,7.906273056866274,-6.411067364099644,2.0002295840627378,-3.8515010817634256,-4.998084479622458,-3.463281283843128,-10.685179869973627,-12.631350759567525
157.0,6.200145317367236,8.025237694835402,1.8250923774675722,-7.146916404611175,2.2007421347951976,4.883606208243517,3.7858549975209512,0.1443746122178895,-2.918222852587675,2.0060379665517125,-11.765755964659261,-7.518339283040195
158.0,-10.811099809483402,-13.98545734096133,-3.1743575314781474,12.4551374422915,-3.8085164673383334,-8.533512910902223,-3.6521944577984664,8.542313151572117,3.4433893062410093,5.58132487678505,-6.110232138955027,-9.854209026406686
159.0,-26.02668506901813,-18.626514476832448,7.400170592185619,22.31513954047792,-16.70407364930746,-5.638138901833104,-5.429342322290081,7.187595005898776,4.549833249602707,2.9589779329271613,11.851256976818425,5.386178229811037
160.0,-3.439184332232534,10.811690588989139,14.250874921221637,-3.6905830012900154,-8.832333955564085,12.509409456621615,-1.0775154977026062,-3.3030126303953233,0.15382664756702233,-3.5600255197798747,14.682448893543924,18.801100243157066
161.0,13.955802677590562,29.951622121814037,15.995819444223407,-21.954925493931917,-1.000373059689652,22.94938283930661,1.2263716044387643,-11.546766106704647,-3.6677556938140974,-2.0972668539803663,13.63862374484383,22.955092184851324
162.0,2.3078231871520654,9.384208345343204,7.07638515819116,-5.848108673928916,-2.4343533556309427,8.277108112511232,-3.6461140815862296,-2.8949725389340353,0.41143021917487843,0.9031468790777581,6.6743026231339515,11.787018248371826
163.0,-8.525354988252314,-18.04249852938544,-9.517143541133027,13.277658445393882,0.5334316780379309,-13.82255702914508,-2.8824880327523683,2.802707563446438,-0.27912289967166415,2.64260015920696,-0.6293585633767947,-5.763629160953575
164.0,-8.665079200629474,-20.384163440435135,-11.719084239805575,14.512088500425929,1.4921296825601624,-16.02684932994883,-1.6428784847911324,10.628057167521634,4.122753715239063,5.6572991414301725,-2.575805780827034,-12.982418192768986
165.0,8.861813582239177,4.666131573401685,-4.195682008837432,-6.704679407078732,6.574798360504847,0.2509622588721143,3.536002468966019,-3.543280018371293,-4.451236632530833,-4.28890568565982,-7.948900033024101,-8.829231535469997
166.0,19.494190683597413,21.942202741060775,2.4480120574634467,-20.743864472651783,8.487984679275822,12.205758866779075,9.235849734055593,-6.3541104558749275,-7.1298192274525745,-11.725381944843683,-15.488596521833216,-6.36455623213927
167.0,12.934156670257373,9.607043288230392,-3.3271133820268766,-11.30063257216326,8.08956679992493,3.149965241456883,5.517295830313612,-4.833953453579696,0.8498014863278983,-4.874916606069358,-9.766566506199215,-4.2844752187680815
168.0,-1.8341972582791073,-3.1659028586727054,-1.33170560039356,2.4682747623011454,-0.22088991153644466,-2.314426415592821,-0.4611545749224839,0.01211285684376584,3.964752226206101,3.897878484842801,0.4526658921007245,1.0210035930652754
169.0,-10.496079303493065,-15.23652159212605,-4.740442288633077,12.914393080662249,-2.8534875022208253,-9.969799486837212,-5.0735962996503865,4.801238264156574,2.142591552809639,5.543164967829893,7.233272354795052,0.2823454876619218
170.0,-10.138316536293614,-7.648737664626603,2.489578871666869,8.94505345720403,-6.292140656411606,-2.554486661420658,-4.976407793737399,1.2511043716253045,1.7199357018906118,4.279383653878068,8.05247140416659,5.430164147956694
171.0,-11.679649932889216,-7.223921162970966,4.455728769918046,9.428922105267372,-8.122678817704145,-1.3531830708800592,-3.3732694809739394,7.383837063123871,1.4220544879143602,4.882242163897959,5.381281136500036,4.634527497382464
172.0,-5.747409852279098,-0.7781145786321666,4.969295273646743,3.243353622514827,-5.328698865614468,2.051922309588286,-0.9303721905611746,1.5531610273519738,-2.306809107307947,1.586125404053842,3.034819507465471,1.2435876167617215
173.0,5.823232841714547,10.932262395482857,5.10902955376824,-8.396069432680683,0.39476933380053536,7.979042543935722,1.2989618202264337,-2.0090164943418247,-0.21126437425608047,-5.328972313963575,2.5465336199479536,1.843634258819725
174.0,7.183088384091952,9.443740292767048,2.260651908675212,-8.333335078626295,2.4278090257658675,5.889549117882158,3.6220265379318874,-4.3583645990992705,2.1548506823799984,-3.7261472691923063,-1.1199290160033166,0.3315457835212565
175.0,8.881792162311754,0.36460278401497703,-8.517189378296651,-4.646350522304614,8.671149725238072,-4.0398328753988055,1.9081195455533213,-3.726047641579191,-0.9024400851323722,-1.1504980150141986,-8.35252128534505,-2.29153787835187
176.0,3.4330244045620706,-2.3816975043369313,-5.814721908898957,-0.4730336477196788,4.596675814344878,-4.141624375295035,0.1702533382812308,-3.081897078366622,-1.4650595660523436,-0.45273084804875596,-2.4993707677319517,0.681868826354894
177.0,-4.166949040178701,-2.163731602004592,2.0032174381740977,3.2170201360055066,-3.036344684691292,-0.04569239332140107,-1.3929693977014685,2.504244437940434,-3.0180090493324605,0.7192244582148848,-1.0686436744259629,-1.6502618470513926
178.0,-2.9932987153885953,-3.1441635557905343,-0.15086484040199077,3.0434656614760915,-1.3781570297455432,-1.6919871360241745,0.2911795427749508,3.695259235347509,-1.4335671074750096,1.6595020141993744,1.008639958606853,-4.546666861275792
179.0,-2.8414565594762293,0.031028881318265533,2.872485440794421,1.3839892790816295,-2.899434063436299,1.4859481083319435,-2.2500677159514355,-0.35532837712303555,1.5013353016349238,2.23690297898303,2.741319554926509,0.8350878812724689
180.0,-1.8597276038604695,0.2718898678296806,2.131617471690083,0.7776279877632992,-2.0440160877626368,1.235579392408015,0.9921914443046722,0.2355791658514259,3.2090642570505548,-0.11725691635215685,1.5291536095256895,1.4411351554755387
181.0,-0.323479993653514,-0.7969491430664601,-0.4734691494129655,0.5482861612689002,0.10220996947603522,-0.681143077754323,-0.9271095169041286,0.15141273563312263,2.092318469818326,-3.022697911793375,-0.8938880512827856,-0.4975743779352535
182.0,6.182940554977748,3.713010158758797,-2.469930396218942,-4.957198699156057,4.354314875666474,0.5740129904057956,2.6094721528267617,1.0436222803874098,-1.6237851363621962,-1.6774612446109016,-0.5778453534318134,0.623859023065729
183.0,5.368187314359716,0.5966781513480816,-4.771509163011527,-2.912467632511315,5.1023563386340145,-2.0577815016510907,1.7284031804503086,-0.2570868405055162,-0.7385253032307875,1.206176865346074,-2.6154936761213445,-1.9681077070250785
184.0,-4.005132794037765,-2.6380941783085237,1.3670386157293195,3.3107415028931104,-2.7248297067321046,-0.6066405088406839,-1.3121630342713564,0.14417639827568052,-0.2720605641013152,2.459153642034255,-0.5916675388536016,1.5406743564387035
185.0,-7.793049226964244,-0.8836353262860744,6.909413900678194,4.322912801482886,-7.381589947763159,3.042430686131289,-1.5312648936828166,-2.4491516124501618,-0.2421300290608116,1.4133575831403193,3.4842273897293947,3.5534107520121854
186.0,-3.0210291027924745,2.16445126552338,5.185480368315805,0.406384305948035,-4.047772107228233,3.6276766925531883,-3.6287215484711632,-0.9252822937966974,-0.1705829002697382,0.6767425866863375,4.144273830947318,5.150081191298137
187.0,-0.4159999386662885,-1.690146226820103,-1.2741462881539327,1.0240299047506884,0.4099723382630325,-1.4483185031478711,-1.9814594073135505,0.20736529609678456,0.17309870744746825,-2.6604268851010713,-0.6330967837341299,-4.966976616685585
188.0,7.130674358516279,0.8762398959167722,-6.2544344625996064,-3.9597116104176937,6.6741740519727495,-2.7322803573873884,5.75503311937155,2.5983764650094687,-0.1555824974959058,-2.4846001494740233,-2.4458861090575374,-2.7595181711348866
189.0,8.637187881964497,0.3063077806419901,-8.33088010132256,-4.509690235533179,8.463698129087545,-3.976371036273143,2.960234156283021,-1.4485911228253656,0.02191037136120738,-0.6315915113074484,-2.9981196220030757,-2.377622217131213
190.0,2.0077506215171073,-1.6639987894139179,-3.6717494109309445,-0.12997600336068738,2.8165279061656516,-2.7117941266336185,2.010015653355292,-1.5074448008043468,-1.065582293560289,0.18877730076879712,-2.814719028818941,-2.9460468171111622
191.0,-7.508653962508271,2.30515757858582,9.813811541094235,2.648273189356028,-8.607609983582043,6.092534660872584,-3.9240678701807177,1.2667837283865937,-1.1005513657002317,1.0502589710087675,-0.5693487449017383,0.7494610000435716
192.0,-6.519034752023929,-0.70737342782317,5.8116613242008945,3.587082805673302,-6.111566542705593,2.5051589058476393,-2.2155295459380744,1.1537557734525594,3.1197947195164617,5.144805380718909,5.457974909263255,7.305122529434151
193.0,-5.738458077013216,-2.826412311471726,2.9120457655415395,4.261004535327623,-4.348378274530615,0.07481678661893687,-2.1020989014269165,3.9037906772798747,2.7313351446170815,0.39760748958598735,3.905611635519955,2.100028084247057
194.0,4.035865123144218,0.29919263644748195,-3.7366724866967513,-2.18819205448708,3.864986200212364,-1.684764552846664,1.4521149252963736,-0.9502812163797716,-0.3563853113320057,-2.2479406000981013,-0.44043374794248646,-2.4926898439731544
195.0,4.432744838055891,0.1279018943650027,-4.3048429436909945,-2.305146373475606,4.347281625843731,-2.0516668189437883,-0.9099062292138815,-3.3029857268346903,-3.643581065684742,-2.13346804968483,0.45080040072032745,0.11286488229054503
196.0,5.065022135595623,2.561550602577099,-2.5034715330186232,-3.767481032541358,3.759090721991159,-0.01088578833308329,3.3781358369940753,-3.3830342431963687,0.4556054917124772,-1.6795413178625238,-5.679218562984728,-4.029936820281448
197.0,2.237009502355058,6.498895991543374,4.261886489188251,-4.410448488383093,-0.965781754355103,5.340164164011804,1.46645629634432,0.6243257462426919,-3.034042979829459,-0.4684868697201633,-4.333639672453557,0.29884502956134606
198.0,-1.589820033652979,-2.569103696916655,-0.9792836632636686,2.1077797135990206,-0.34599671815094707,-1.8174182485278183,-2.134976400365619,-0.003973575283586578,-0.9173140356778408,0.8370207547926736,0.5870133768208095,-1.2080458353769548
199.0,-4.799166944120591,-5.328184341113562,-0.5290173969928677,5.087986262867737,-2.104929349753609,-2.8975963687902464,1.2041745673730795,4.5488009128373585,3.8602355707544014,1.5426024932358189,4.211163373127727,0.8408633859970012
