Time(ms),I,II,III,aVR,aVL,aVF,V1,V2,V3,V4,V5,V6
-200.0,-7.875241088062064,-6.32920584035446,1.5460352477076125,7.124293663771372,-4.7181634105979775,-2.408483789504408,4.454853393689929,-4.820689848429384,-5.569107040948861,-0.6195395868355016,-0.5835283117644166,0.2715024749840107
-199.0,-4.935853595544774,-11.001774759757046,-6.065921164212281,7.996206665128724,0.5583500870120135,-8.550244915817553,2.063613523683775,-0.9745426400221506,-5.111193565422617,5.543313761590564,0.41751471365840187,-1.9554081528574092
-198.0,9.593698056793967,-0.14766708798235761,-9.741365144776346,-4.767172753671207,9.737902585032225,-4.963346920881125,-3.068980312064479,3.1017872626841294,3.2751743675677645,5.398709237958708,-3.4203810147755522,-3.634687963261497
-197.0,1.855948620028351,5.062291801963596,3.2063431819352313,-3.41741575132565,-0.6878358716515027,4.110978517203792,-2.617575111171024,-0.7033263621216521,4.633316615061934,2.931706825971315,0.9710132552575119,0.697905771343826
-196.0,7.080608775347287,6.642524333415467,-0.43808444193183266,-6.893267971444137,3.7400013336218523,3.152355418042256,-3.070873552048849,3.000647349727214,1.194299051548791,-7.155123182868046,0.9584230259182476,2.30716568541011
-195.0,5.220823483051559,7.479172023065066,2.258348540013496,-6.37906737234133,1.4533011071730386,4.914041882533021,2.402213067014795,2.4718110974145273,-0.6539568859173772,-4.412404673373173,5.196805907196308,9.106317513393545
-194.0,-9.027799491381263,0.24731350268542052,9.275112994066658,4.439785033326065,-9.188603354407217,4.723937987502545,2.041873068197099,-3.668316872007451,-4.790397186799236,-1.5260644027304742,4.7870864936639475,7.1622002819284525
-193.0,-1.528011786497522,-9.351851053906993,-7.823839267409495,5.4084645205059365,3.181469567460893,-8.627853569941372,0.1688196462093039,2.965513603097863,1.3583633170559173,-1.7381544180676738,-9.46041380174438,-13.252041677630718
-192.0,-4.62151177647218,-9.480292130554293,-4.858780354082115,7.094778059255423,0.1468955468365145,-7.132696693556021,0.18096876421741964,-2.14392103847921,-3.7769918975254986,-3.357935695570668,-7.535156137619108,-8.07599360467822
-191.0,3.882984270835213,1.8098010698968432,-2.073183200938335,-2.884893246290832,3.004327318673897,-0.17481101723897918,-1.8888594667943024,-2.5927672257085215,4.7055131534207195,12.485570779034257,0.153709031591025,-9.370319426439044
-190.0,-6.92780548155514,-5.540437926615219,1.3873675549400344,6.27122663706403,-4.131050005603811,-2.041310447946258,3.9153389961225953,-1.389851886739194,7.4730497068961705,5.619293571654842,-1.1710488511603856,-4.428267043193111
-189.0,7.407026239476123,21.529766298559785,14.122740059083842,-14.512204375875514,-3.4095294762789514,17.862143451733267,-5.442389745450168,-0.42620728886347103,3.4342565851005227,5.396310508386206,14.944133954226658,18.968004662430452
-188.0,5.946047115349028,16.8386862623231,10.892639146974275,-11.358182398849527,-2.5262832729495805,13.824793493242165,-4.728859865562331,0.5773445261182154,-3.4183148528595155,-0.46306648915084747,12.696481072223474,16.589955577043753
-187.0,-4.7012849796259255,-9.20762705388279,-4.506342074256679,6.91097400768835,-0.07592299956065496,-6.8944028067988725,4.0633914461633855,1.263159721368545,-11.256942670233748,-11.38851350995088,1.4899078521869855,6.280800059940509
-186.0,-1.3245198769686495,-25.082497281603565,-23.757977404634833,13.242094597810173,11.231689262268972,-24.3740545646931,6.595574580533807,4.898086416756669,-10.860822595015472,-12.782063302320882,-18.408791204309523,-9.269686574790564
-185.0,-1.9265221351629178,-13.535961728512635,-11.609439593349839,7.696778584431708,4.849256922229125,-12.599420718900545,4.627336115312733,0.6367162309420911,0.9103205810210313,-7.761850556431941,-21.73629655796922,-21.43737694573898
-184.0,-2.066406114412626,4.926541916765835,6.99294803117823,-1.3780415199931655,-4.527374423758669,6.017693869325751,-3.8080668220053755,-3.082786603190204,11.327330273083225,5.402213930711188,-6.153332897298405,-15.095468811743965
-183.0,9.89657689530042,20.795392637589305,10.89881574228867,-15.363892491752654,-0.5008596531055325,15.830855230810476,-8.847096774050245,0.15530229050757094,13.824779932506186,15.97769943282942,11.595099789821173,0.8854220649248852
-182.0,-1.4986439554462594,-0.8714851563935664,0.6271587990525722,1.175587648615184,-1.060504381163586,-0.13681477859551983,0.03133225004890683,3.269935429048486,8.68580614726338,13.08932635625347,23.43341129281123,21.061356074487847
-181.0,-3.3164375788230123,2.8304486321983027,6.146886211021432,0.23996703264955954,-4.7234370215058625,4.471567561503839,2.93981318215011,-0.12019039228620743,-1.8323070030938258,4.653611363071693,20.660639718956734,22.429379123033424
-180.0,-0.4781126287474575,10.672946173595243,11.151058802342943,-5.097255908419122,-5.798272654390829,10.888413768463934,-0.0077663295483434425,-7.405003301464073,-19.975238382323482,-13.258755802175184,-5.541502404310474,2.785359180698965
-179.0,-8.652160250639394,0.8123382467742615,9.464498497413809,3.919378532665755,-9.112206763116625,5.184341478605215,2.078106941659061,-11.445237146418503,-15.572136259537684,-10.66319197524912,-18.950286468320222,-9.954589614920279
-178.0,-1.2560950690351307,-9.430189669397857,-8.174094600362602,5.3381882933071765,3.49141143120033,-8.844736975123979,2.218995299358923,1.2104333846106834,0.559252353458624,-4.2891309813822796,-10.864274460260305,-10.992837828487083
-177.0,3.5639688058249637,-23.185690505585594,-26.749659311410433,9.798564811592295,15.116250161657101,-24.939420163884783,2.0581412843178635,12.373985908744336,6.066970038040109,-2.813104902830998,-9.664947609409397,-18.961310580352446
-176.0,9.77753493764022,-6.946888451642451,-16.724423389282787,-1.3579376533688983,13.2932349937327,-11.811664423745938,-8.399982456854863,7.114365777371671,0.7967389475296445,-6.5109903806513465,-6.999044904713438,-5.2776097639112125
-175.0,10.07249495766558,16.340826860753953,6.268331903088086,-13.23752361154146,1.8684907529300059,11.328575979664139,-8.201396588637106,2.1804032795500428,4.580877034636314,5.623260871380708,7.866419242394605,3.2015000084876863
-174.0,1.6734493840810134,16.761281286913416,15.087831902831937,-9.256949450294254,-6.659782581762543,15.873557083231258,3.7191339192493933,2.4704759638044593,23.24253620672505,27.152187234569112,29.42422953700218,23.85629417932952
-173.0,-3.0680305832995085,-2.4722184537879635,0.5958121295111756,2.8023551374210127,-1.861584312160229,-0.9829579025355972,12.958803712204986,2.6403629794581356,19.231690609380664,8.82160108869297,6.599651423059521,15.164944207485961
-172.0,-24.188935792964987,-8.988759731911177,15.200176061053806,16.61663185787693,-19.644785475570046,3.1469561466068656,10.980727175447132,-10.976644769563666,-11.964156509480498,-9.954227383659589,-11.393571050631435,-5.997503493216204
-171.0,-14.13973591269821,3.3073044371288276,17.447040349827304,5.363550978662507,-15.823293941150526,10.425289889200474,-6.205502522763443,-15.360641605602957,-33.92165801115138,-16.74613541195278,-13.115833833438824,-13.672614577932173
-170.0,7.169353891412006,3.8947727037568374,-3.2745811876548316,-5.50520513189305,5.189273762118042,0.28476644347894764,-8.255353770841433,-1.408865908204171,-11.545185775495195,-9.990143353618096,-10.864526802898355,-11.890832109056301
-169.0,24.47842197645058,-8.36137532015584,-32.839797296606335,-8.02919621700679,28.622315317866907,-20.623035255957383,-8.601665412774143,11.646729173073401,4.801437852420323,-5.30205630580743,-4.088842223565705,-7.178208410381463
-168.0,10.681802433723558,-3.6051271107747236,-14.286929544498452,-3.584684971920055,12.522220151294988,-8.968344260252614,-4.654759939979895,6.176997754469165,13.4282004006145,17.265730193647585,21.61352321056264,12.679892644340988
-167.0,-6.1074012143077585,-7.787829260712823,-1.6804280464052184,6.98260846383706,-2.1782514928146472,-4.679957116824199,10.253124938123133,1.6855848130343087,3.8677431835722196,1.0371950804746248,6.720459336359118,9.790750450592636
-166.0,-9.182754174020513,10.342035818672976,19.524789992693783,-0.622039066548512,-14.31880789176305,14.905116452891843,5.966091316184158,-1.2134332512463644,-4.799487772833059,0.7139629694808147,0.5296674613076653,8.91086254197581
-165.0,-4.062998704399365,15.852818692040147,19.91581739643965,-5.858592738664573,-12.03131377236454,17.85205216140319,-4.964777756107692,-12.486099055334694,-4.8385036967902675,7.253235729471586,3.5149244479918194,3.3213436059559847
-164.0,1.6004724112018605,4.900686701490277,3.300214290288487,-3.2939930407894593,-0.8888195351478725,4.143750821474403,-4.386458855117233,0.7559402272117328,2.1558459665489607,-6.051043274121877,-17.37839821824738,-11.84421396476922
-163.0,0.7858949336189383,-5.755246976014698,-6.541141909633842,2.5189325531700137,3.706038226965614,-6.106787391415898,0.49690142790766634,7.241158344310289,12.36664591185001,-0.9949576649987222,-7.738670278060641,-9.93618042442247
-162.0,-5.695527529627333,-10.372227795392547,-4.67670026576567,8.067869029570998,-0.5440717131666126,-7.562554856992954,4.1687599810351355,7.590765513460836,12.857670668836654,5.455947021026274,6.5599453194151,-1.204366060431214
-161.0,9.508493682354612,-8.414484437321928,-17.922978119676564,-0.5905328552411655,13.760103225024519,-13.206996872421408,0.9455140961386118,0.554403599310159,-5.843042713703605,-6.034935428341574,8.277030532514013,-0.46069672228625835
-160.0,-0.18860722834188604,-8.529705567622495,-8.34109833928018,4.318627283221649,4.041433850148202,-8.395089259516755,7.201608469833758,1.2596917620116956,-7.60087778343962,-6.282308334457826,-1.888667057914418,3.026233510214655
-159.0,-2.762453627494078,8.971887672904243,11.734341300398626,-3.0619520649024023,-7.283314242370124,10.314277760736829,-1.8893324022298508,-6.6525653836137835,-4.985514456927546,9.558051686992808,6.055162160376284,9.160562068752498
-158.0,3.9475355271920307,10.91320864759039,6.965673120398361,-7.382302697963436,-1.4640597242801388,8.978869210467524,-6.887741672580594,-4.78067924042138,-5.566632995136138,3.1120540154377423,-1.1248539496853605,-1.6839914758435395
-157.0,-4.3147462407811386,4.715750611802594,9.030496852583033,-0.22641132786139195,-6.6248232266865505,6.833500938675286,-5.113634028621108,-7.364531994428095,-12.406983314249675,-13.715370563512188,-14.672109924633357,-5.633563936758687
-156.0,-13.615967472339385,-5.745599789239778,7.870367683098936,9.657641969083201,-10.770332383681964,1.1014583587292375,3.8057275143247145,-3.0862220980148325,-2.0742621402616086,-7.570388064504048,-7.782704138752843,-6.96759629745773
-155.0,-3.9316552726182454,-5.990547154000719,-2.0588918813827464,4.937652232751407,-0.9601743668251466,-3.9857721331872007,6.35113335994467,2.0384633836913535,7.53450337348126,-0.3274600200147257,2.555207844831975,6.131785387181674
-154.0,4.275203903766183,-12.659623444771807,-16.934827348538175,4.243992958137449,10.582565732275146,-14.83779923234106,4.089355791078114,14.017788230593228,18.99728021293665,9.283785209823334,8.287813236612056,2.4980523860272905
-153.0,23.944223221994974,-2.4890423725698607,-26.433265594564745,-10.760301267931405,25.243254452263166,-14.503518745686234,-4.024588468922129,12.051624309878655,8.214332885620365,3.6299056789890782,-0.5474975256202486,-5.213987458600309
-152.0,19.773981408004346,11.753523055053375,-8.020458352950419,-15.802603770726607,13.867952704836599,1.9003906663289305,-7.280215961431808,3.9676764956767885,5.837503840391522,11.550264127422802,12.260189202539928,3.7318292259859374
-151.0,-11.17360893502638,27.375278184297144,38.548887119324384,-8.065453405576744,-24.897777056899336,32.91497419252711,-9.301663738595682,-14.836372858505992,-18.25057480428012,3.755734793259871,13.844255558182846,15.429556388702636
-150.0,-12.630578915712777,1.0895913015730416,13.720170217286546,5.804373815671241,-13.140811651857339,7.435981747059234,2.485357879823942,-6.867017753508757,-3.963075869396432,6.017539740974321,5.958401356190403,4.79195254727219
-149.0,-20.522778300336178,-2.5770166229955516,17.94576167734094,11.585433152205628,-19.205656043609682,7.717497378902802,3.9565398125329194,-9.318534908681361,-8.147983774666983,-9.774706216382796,-5.495231233593692,-1.0891620950325724
-148.0,-4.938418356230317,-1.3521075376961544,3.58631081853426,3.105694667367093,-4.315062667257368,1.1545422205897582,3.900610995721679,-6.958216190837485,-2.8081395425938247,-8.972107842975236,-11.869586807877372,-4.8601565798964295
-147.0,9.161724510950581,-10.120062800808029,-19.28178731175909,0.44336293260994264,14.24930245179041,-14.737165217181794,3.2312190250350943,11.758045915224132,9.813737508649139,-4.789796391673779,-19.77771676326029,-16.430516114777447
-146.0,4.144233346450189,-30.3343895675292,-34.47862291398033,13.061460391621148,19.34391591384143,-32.43912597521815,11.281842290191,11.177452444781796,11.329498192586993,-11.002025307779615,-33.64952967978382,-31.710378885117226
-145.0,11.149441974810212,-24.36014855272913,-35.50959052754009,6.650220914923037,23.289888885975145,-29.96721349037239,6.09707217654226,15.596333898278257,4.300116748636187,-3.2880874813616146,-12.713062418217232,-19.211350222158483
-144.0,-1.2251532564016738,3.507361088409114,4.732514344810603,-1.0989604908481794,-2.9337264899273006,4.162457963880994,-4.696030969238846,-3.589668838745286,-12.584605859178529,0.7715936140081814,28.076148952586824,25.861590562008146
-143.0,3.7967386573182678,42.60038958049835,38.803650923180484,-23.239815787351784,-17.533855458664036,40.736969198911716,-20.23312383087575,-15.355765370884201,-11.98967509756418,14.731841792077052,56.79839361924961,51.24092255984107
-142.0,-5.613250352603336,27.256078359678565,32.86932871228261,-10.789728549799571,-19.272185736379022,30.009128736145353,-9.994045688831847,-12.551872344924014,-5.364849505316938,6.175665865910332,23.236750561532528,24.528645400286383
-141.0,-6.258512938245039,11.452569228436989,17.71108216668272,-2.6502214587358743,-12.01939840042131,14.597013213968108,-0.8618256542979568,-2.3685714030701206,8.808069591141093,10.530713104147068,-4.963307272444567,3.4123901416914197
-140.0,-0.29701552914136986,0.9726353714728027,1.269650900614626,-0.3177245979467781,-0.7442921895114498,1.1281182218544963,4.165844392122471,0.5597112599343455,5.22794747980272,-2.1926556075140438,-26.735393895416156,-18.42099451764293
-139.0,-1.6020211405954072,-31.351633733075477,-29.749612592479874,16.49316768987031,14.108489259043937,-30.5485288848617,15.327514777227588,12.231848713762613,10.728892006582418,-1.7187669804265822,-30.691604038895065,-42.664960807203336
-138.0,6.002007092583998,-21.771340987696313,-27.773348080280375,7.8999984656056,16.920215263102847,-24.77098468147245,10.48510745075933,12.624900791987766,10.855244844283195,2.407432176492465,-9.587960380300874,-22.23764689871107
-137.0,7.767621140224753,-10.071394008341656,-17.839015148566652,1.0909173874948435,12.757199730630411,-13.950467180918938,-1.1651477183562973,5.9448973357786645,-1.7043218571864123,-6.973572070731639,-2.94629199926573,-3.815622363805545
-136.0,-0.7093177290844777,1.5628060041878973,2.2721237332720765,-0.4028609513319661,-1.456892209321384,1.928932974859718,-6.65377681939778,-6.051516457166772,-11.491282160517745,-13.633006899401286,2.0653616965858688,13.611756505611277
-135.0,-9.487820890426194,8.687124072695326,18.17494496312121,0.4334250921392373,-13.875538249117234,13.372640782198127,-3.010655232440371,-13.693033985232528,-17.829917857187887,-13.763472656899268,4.838509948428268,14.852768997422436
-134.0,-7.573781800357409,10.387395897293136,17.961177697650292,-1.4416679142358202,-12.812280165275553,14.204358974663014,-3.401690879534689,-9.496629773324996,-12.649461419807094,-6.917545494930549,9.705041753327107,17.98643102912268
-133.0,-0.20732959628870518,9.029233481074064,9.236563077362668,-4.356930422726385,-4.689966124917522,9.172243342042057,-2.466866604932818,2.4196541346684777,15.301307947452582,24.585523623025416,27.1690810347136,17.59142415987003
-132.0,14.83405060325671,17.228648130336556,2.3945975270798634,-16.0492800623335,6.249408119027362,9.779919371267248,-6.089682175323097,3.889251268620368,11.345673516302437,24.53135553375254,18.69378698818562,5.170207742024163
-131.0,-0.037966171695067885,-6.8225849003024255,-6.784618728607146,3.413620261154854,3.4016427410589785,-6.830087804584008,5.051328717241437,6.114564536747142,2.3524527566851123,3.868424049357124,-12.072426542626161,-16.654887672159767
-130.0,-5.8445155318197735,-13.968100591309204,-8.123585059489212,9.884576669473567,1.0895447767774122,-10.99142358383736,9.024056040125416,3.3360899929351553,2.9302255690701955,-15.670144986545282,-32.38990109776323,-28.11762398910835
-129.0,-1.6104467996948617,-11.380559127708803,-9.770112328013685,6.463402914403604,4.111028008174676,-10.600696578255235,-1.5468427627519121,2.010887799368966,-2.5224049877693373,-22.355212021258843,-27.36137247579872,-17.638126918996605
-128.0,3.2579953277873113,-0.7412407177545823,-3.9992360455417204,-1.224621109035544,3.585057173266418,-2.3994250301003346,-1.448846308642603,-0.9911585914566095,-4.823153297413059,-9.636363399132826,-1.8859498257297354,3.9721335113331264
-127.0,6.617126255706005,10.646176378747333,4.029050123041337,-8.609735437428357,1.3339996944627017,7.381411071041027,-1.6853273329244753,-1.5238860418932039,0.0512292166767061,12.735122565191768,27.659971667069016,25.233074446506773
-126.0,-0.6736554401595074,-1.3804743748714037,-0.7068189347119702,1.0413604346788898,-0.01756706157577348,-1.0851547329777094,-0.666769437944122,-0.7375236138222161,6.682076372620719,23.326889476210074,24.83450758021177,18.100589123623838
-125.0,-6.768939728815121,-2.042007477523772,4.726932251291229,4.418138778989798,-5.699687177736697,1.373527333958961,3.8885366108624466,-0.7414254892496714,0.04641152425640305,11.889600549947307,7.616506239453308,1.5906385754772998
-124.0,-5.703491510158526,9.569050175199799,15.272541685358298,-1.9944953861603272,-10.516558724117477,12.44698093368169,-0.5172529323898338,-7.73696711491106,-13.373260703706418,-7.956709464389751,-1.921641266714099,-3.2123142821260515
-123.0,-6.763123303058567,-5.524068453239381,1.239054849819162,6.169507484221121,-4.029775195481889,-2.1981324656783707,-1.163609575215325,-1.1410895248195863,-5.666744827236569,-18.007099150037593,-20.10583314058848,-16.244619121339944
-122.0,6.317857162603765,-0.6183655073323008,-6.93622266993612,-2.8128071164602204,6.674803976436047,-3.755257365308798,-2.3216448348412944,1.942534207618864,3.2030874718545697,-13.191830378834606,-20.284859101800233,-15.265172698413966
-121.0,2.7023156669715105,-8.140292190150763,-10.842607857122282,2.6878571660633814,6.737311052241839,-9.46861240688289,1.8083786727435702,5.852984430332677,11.142402094077152,-2.003214481890681,-3.011996487142243,3.185105712466166
-120.0,11.256803866751842,9.307388768203072,-1.949415098548715,-10.304861483369004,6.6411986199831,3.625559458940448,-4.181010708987419,2.792163473124333,5.489498623932654,8.053239199657476,13.374022034526536,12.777927061443151
-119.0,-2.340724749864145,-0.013849319239616076,2.326875430624511,1.1595853624551138,-2.3807122183361256,1.1857190265056197,1.0313044162827585,-0.5639514479842513,-0.516403697501369,11.598416783094912,11.269284505493697,5.299490388162694
-118.0,-1.3708333353353712,0.6541290759173666,2.02496241125258,0.42124195553607474,-1.6724732340715034,1.3736285673184903,1.9910786332870372,-3.5829067497951224,-10.658553610850115,-0.712591439325978,0.18733611522473304,-2.238375562768483
-117.0,2.546969878153435,-2.4850999865509165,-5.032069864704557,-0.04730002787277621,3.808876896782371,-3.7979627474172712,1.2742611804527932,2.6058571541862143,-2.035318042979516,-5.626198564816327,-4.93831298824308,-0.615236344093803
-116.0,-5.919057391648164,5.841295255330831,11.760352646978879,0.020887754127612013,-8.825591604738893,8.766373745118816,0.5789566662989483,0.68899522707743,5.183764176587507,4.5667163534834625,1.6417916466708355,-0.1817687004866102
-115.0,-2.2198488298792176,-4.548219820349279,-2.328370990469942,3.364447262523745,-0.014217776663132398,-3.390363311006419,-2.5465800862917582,-3.390331286390554,3.0826426923835397,6.613953658438839,0.5398758406347017,-5.979426764627652
-114.0,-0.9461904915646802,-4.5808195373895915,-3.6346290458245805,2.8219028804084383,1.35282174302333,-4.058451486852159,2.5695948690202393,3.0407157652905865,2.51421113809534,-2.197306833496729,-1.4317581235508525,-1.7818545622659467
-113.0,-0.8516691695118284,-0.9922272211823224,-0.1405580516700633,0.9019164930450752,-0.34562048337799234,-0.5976266941440267,-2.620278949307643,-5.193732561092055,-2.5505242502567866,-4.094601949146673,-4.200148309080232,5.072755356110056
-112.0,-3.517026621023721,1.116251470562696,4.633278091586643,1.1814696303382655,-4.060447620388748,2.838526833026332,4.298048773565917,3.0088479124627443,-3.0554334575174713,-2.1110847153147425,4.548886468949502,6.102944461973119
-111.0,-6.890368661926727,-2.3520056911987783,4.538362970727878,4.603499688174389,-5.691939495207645,1.0496628294097006,6.53243771150916,-0.5502565736379872,-2.8931335825062003,3.2680403845979447,7.164114731691678,0.7615568170238325
-110.0,7.948237838528791,-2.895688152647792,-10.843925991176876,-2.4646568700744362,9.427575089258118,-6.842000975951232,-5.410084663990839,-3.725298180698859,-5.422038545338441,-1.652008833735025,0.5194814082916506,-2.7460814291154927
-109.0,12.837961917220602,16.78589175657935,3.947929839358388,-14.829792222577638,4.405849532190438,10.389740024122597,-8.80284593278034,1.603804581961556,8.885786023726547,-1.5580641419035024,-1.339495576055028,-1.6843734419869005
-108.0,10.995784494111236,10.340540878758826,-0.6552436153526529,-10.688199584664739,5.791333513903203,4.864892143963403,-6.568360869811391,3.484285976643292,0.9127376164832239,-11.541940582912222,-14.02960297352547,-6.0780689474270115
-107.0,-1.6630676289072257,1.9128273413964032,3.5758949703036267,-0.14800507561362508,-2.652783123528085,2.7707038831480633,-1.5580524126759951,4.423216686950706,4.444291881828602,4.692823266016571,-3.9851597503370537,-1.697297843823284
-106.0,-7.083858131019045,-17.736997967405664,-10.65313983638649,12.384427243279497,1.8273815187367806,-14.240298431403707,8.939017560688896,0.23980775470633287,2.0056179712714166,11.350301203653599,2.9702133128817128,2.028796423550625
-105.0,-16.824715226083903,-18.634694307355748,-1.809979081271661,17.781058254793393,-7.469228858034834,-10.181421100686109,7.536594922426072,-4.600662174855786,-8.150227576323443,-2.4007576261002477,0.4301605325902873,3.1133297408740734
-104.0,-9.858243334266204,-4.128732707679195,5.729510626587164,7.045610204045026,-7.838956890779033,0.7673011551925173,8.50539101917024,-5.36648380500406,-4.0533776965230555,-1.901026398550702,4.491104127965757,-0.30683529668737064
-103.0,-4.163585927771356,-2.0276243660058113,2.135961561765642,3.0714979702784113,-3.1188945915349464,0.02159172441099977,2.237780529650814,-1.0351196610393774,-2.93221806455721,-1.0097005878834322,0.5236302413274014,-2.5303675004648833
-102.0,8.342957102946608,11.454733031292761,3.1117759283461663,-9.920087232919299,2.646009382173257,7.247364245391058,-4.318457727953593,4.962803651575776,4.598797616944893,3.289520892340234,6.3162173205624494,-0.27821044719628585
-101.0,23.636333726493927,24.936009498373856,1.2996757718798109,-24.30589698801885,11.121701056539614,13.15575021096875,-13.731989646494732,2.333690825016065,6.207320607775692,2.4216191589271663,9.385836344762023,7.536752413515478
-100.0,7.350977882057412,13.926812133783221,6.575834251725732,-10.65954985131607,0.34421826924060994,10.28549113564851,-7.418592813650951,0.6034906056340139,1.9994323966103216,4.284314833514409,6.6200161188320426,11.74017146058949
-99.0,-7.081431710770515,-9.334457224236779,-2.2530255134662798,8.26269790802069,-2.374570904509296,-5.760022064665929,-1.344557039439998,-4.975419241273235,-4.581715363431885,-7.563917737161047,-12.998832428036414,-4.8439378162641145
-98.0,-5.199012497180234,-14.705409300436703,-9.506396803256465,9.923591830452267,2.1980774370421416,-12.147794576653592,4.049231513308846,7.1945514700656865,-1.1013724482999014,-6.9511630988782676,-15.334520316229822,-10.729163130610782
-97.0,-13.147750130207712,-10.02340075153404,3.124349378673669,11.552775985109477,-8.16545551932205,-3.4075000232657118,7.425689783364687,-7.828968405611592,-0.7042193814768192,-0.4362602626315013,-3.5233563031338964,-4.462109132020419
-96.0,4.466017497012157,-9.415126594451468,-13.881144091463574,2.518358539520099,9.14909377110066,-11.680244820961793,8.081751871609097,4.866416161385943,1.635653275707809,-2.3382198809018147,-6.058225398633052,-8.857850136453205
-95.0,0.7631417602870048,-3.7221014731455915,-4.4852432334325965,1.5239714159962943,2.6043898461999166,-4.134037870290781,1.7300622106016696,-0.2051292902562556,0.25851231557800597,5.006776722786446,7.448918303227777,-2.999355181328478
-94.0,-0.25175305102198064,8.991164266868319,9.242917317890267,-4.4007546636075165,-4.684119206108315,9.084586574600872,-2.5202322736215015,0.15122436306205161,2.553083856105873,10.23620420005966,18.797011791260562,13.92698724364844
-93.0,2.1155238049532437,16.271964879479846,14.156441074526589,-9.220301091991418,-6.03241647561444,15.255372740545816,-5.374023497475977,-2.1422153360331477,-0.8776642599599505,5.067202773925474,12.724920459201266,17.83379920896437
-92.0,-6.5749818855790165,-0.9082955394897159,5.6666863460892944,3.7192756323539253,-6.130340689600809,2.4143261038750694,-0.6816542698873818,-3.736908002397223,-8.91010188092182,-8.012316600050276,-11.514614373624132,-2.161637782565455
-91.0,6.382407671075009,5.677288281732416,-0.7051193893426273,-5.9708502774601095,3.5351071574384014,2.438008144454192,-5.5191019979430695,-1.8768927369157458,-0.29424993575261116,-7.400417688683177,-13.755676574487207,-7.7270714357300125
-90.0,4.834028739971908,2.5519291603536365,-2.2820995796183325,-3.7122856181575994,3.5483694718468946,0.16459409944112546,-0.7631128740897082,7.374248056934295,7.199943643247122,3.288972129877134,2.5245079788640936,-4.943274202354462
-89.0,9.764331511687924,-5.96502201995348,-15.72935353164142,-1.9204582260874792,12.734291287074349,-10.814394933041742,0.42147125932763346,5.201664407749451,6.565607376941639,2.6603076459384325,4.409197111185186,0.18381685826952676
-88.0,-12.084452563466922,-18.049017653286235,-5.964565089819199,15.043372638058344,-2.998002315775679,-12.046222337720309,7.731475508726812,-1.4099711842453013,-2.3600123105439508,-6.7005526651906315,-5.58344347353796,-6.63705791110029
-87.0,-10.946834174411158,-3.178616582688191,7.768217591723156,7.115666781166574,-9.3793595979958,2.263622258940873,2.1811310792188237,-7.90575031611682,-7.927281009914876,-11.164825176537073,-12.969148797456247,-6.211683224390373
-86.0,-0.7322427726001202,5.805660518370148,6.537903290970307,-2.5638819296112807,-3.661966514838007,6.227250770806231,-0.5786872867248998,-2.8365147640368336,-3.3701704211198327,0.9691629977242178,-3.2527762691866084,-5.701148828531892
-85.0,3.804114218684384,11.21143807100759,7.4073238523231,-7.456146973743377,-1.8328282248682948,9.291758654658157,-1.3236498927351998,1.6282351138921798,6.12887705615727,20.418331990312392,18.18861026325819,15.604364407585646
-84.0,9.754704073166687,0.41533445795360713,-9.33936961521324,-5.111075028586448,9.59163042692083,-4.477452658042219,-1.8910600227717917,6.093029651188817,6.44178866764353,14.782391717732315,15.656558101239346,13.632282245518596
-83.0,2.4109933658597162,-7.074379007793555,-9.485372373653343,2.3068634376244885,5.99157427723825,-8.296920249197715,-2.040825215418301,3.773148472541785,-2.024146198460632,-2.5831764579006027,1.769274069260999,0.9354482369093278
-82.0,3.7871936889688818,6.294588340147859,2.5073946511789846,-5.065139135426778,0.6048877109634603,4.4579177367118366,-2.795492205893584,1.8007877669642873,-3.0115984900893635,-12.595776326415336,-2.803934247973002,1.078448854096914
-81.0,-2.530330143383503,5.045207875774032,7.575538019157633,-1.203395796841579,-5.086664806877576,6.282008900711263,1.0080942782796183,-7.3114692525957965,-5.106696096511715,-17.101408384738495,-11.303965365395943,-9.90342806045709
-80.0,-16.271518223730393,-6.906559156941893,9.364959066788554,11.562880263135096,-12.771705618287111,1.1943935075773568,6.342116764199121,-4.855579023938569,2.9304552038902116,-4.5630377288182,-7.481791275672302,-9.895437552749502
-79.0,5.523001877086666,4.386785547887742,-1.1362163291989384,-4.9832721399826205,3.2987247608875254,1.6647522234712389,-1.891614943136815,-1.228739028381828,3.0656007388593465,10.269677124624994,2.0310866259944795,5.470130977478419
-78.0,-1.8573324597242742,-11.948127220860478,-10.090794761136195,6.950154671318823,4.087031335569854,-11.059901365638526,-0.5621501210433125,1.8771319252879768,-5.269479052628625,4.587823070848523,-4.607275893921908,-1.8078295967968776
-77.0,1.8391331742902763,-0.6636956869808293,-2.502828861271084,-0.5443254688386261,2.2213982751175494,-1.5424800117933426,-2.3986909752275842,1.7292718613815994,0.8703894158260543,9.742210947846363,2.028133090750578,0.9550009517815926
-76.0,3.8416352213524463,3.103790066525013,-0.7378451548273777,-3.513825577164135,2.2632101582236026,1.2288467039985518,1.630705037770536,3.1481739584212165,1.0478607899944192,-3.3002166631966174,-0.127094301618488,-0.6990955037320048
-75.0,-0.4649473030835809,2.5556384942014545,3.0205857972850416,-1.0943796940367818,-1.6885092783097697,2.760835971324487,2.475094075503397,5.2285513903001055,6.634172381434554,-4.173899354787152,5.4376944265796245,-3.426885425100913
-74.0,5.002700961695178,7.04366907664032,2.04096811494514,-6.003211064528326,1.4578765955486468,4.518747517377393,-1.3055841242544735,0.6167185458459303,3.9255149319580243,-0.5164315477669488,2.6398211681725874,-0.37253707708083983
-73.0,1.6348166054325446,0.8368987308589007,-0.7979178745736952,-1.2260425198504006,1.193277311881609,-0.003857888746799265,-3.346624682804011,-5.216701436024733,-7.199296023879709,-5.961893854566437,-4.048172873613539,5.728634412000847
-72.0,-6.529495665226311,-4.545006805896838,1.9844888593293564,5.538690465419155,-4.282646886338077,-1.3068125226600809,1.1163101447804133,-6.094019949641559,-6.993347355282295,-1.1958089381530903,-0.2267502584387714,5.232291246879937
-71.0,-5.315340994069201,-6.257819598170373,-0.9424786041012949,5.7837331423665415,-2.138588112003565,-3.552831675730131,2.0595472469757685,1.1142241985776402,-1.697609350247908,7.929777467934931,7.717767269810381,1.1191120436766795
-70.0,-1.047099901654426,-4.76056029265743,-3.7134603910031343,2.90239102540278,1.2948676968304331,-4.272336257829334,1.7982943207544368,0.8419611608330053,0.9067144886040452,6.44679634481578,6.729011878930632,1.0562828982709997
-69.0,0.7109728282176826,4.507167491006864,3.79619466278909,-2.603144153578691,-1.510634815959316,4.194494620327618,0.8515434682732095,2.7561962685170487,8.890672892408729,1.1791485339745207,-0.5257389512557534,1.2157580296799142
-68.0,10.186706853573426,10.568594224956332,0.3818873713828619,-10.35974719653916,4.926202389143711,5.521542007986565,-3.744547406971402,2.7547357044971017,5.0757987653901395,-4.632353473842407,-9.94205725080351,-6.571305686981656
-67.0,-0.8815357040360303,1.6442664035880097,2.525802107624118,-0.34957107316658265,-1.7652457357307174,2.059090625109076,-4.546059815883804,-5.344189176440805,-4.563982739846558,-9.073225763779332,-10.246691598819064,-8.093837213112462
-66.0,2.640725834620392,-1.4201342781787312,-4.0608601127989505,-0.6447013578336221,3.3639564613660893,-2.7593820608769795,-1.523322736019728,2.704831712722796,-4.760800212069901,-6.825166634305527,-8.337633940401757,-1.1219939892692503
-65.0,-0.45202700774731963,-1.1954393760473958,-0.7434123682999154,0.797864561084095,0.15809141457307585,-0.9833559198252866,3.977269729792064,1.9879950054942455,-1.257583598747575,6.255581056728339,9.102769489331425,4.3184312287617495
-64.0,-9.042246748932962,-12.689063144924862,-3.6468163959918334,10.843229251743711,-2.6828005251948817,-8.18061460943911,7.499661017106363,-2.5053314055000016,0.8778043888627318,3.4565989640483616,0.6680758954167025,-5.93316858733589
-63.0,-0.8753598102564779,-5.638086524819491,-4.762726714563055,3.2335056968814966,1.9637223303382645,-5.215370450537137,1.0255431853384156,0.05647351063131878,2.9799839098372765,1.966306008425569,1.9981602791410262,3.6037376564147725
-62.0,-2.69023830681061,10.492065129492477,13.182303436302982,-3.848168949767346,-7.9885077921829755,11.818087840778826,-4.856779120977658,1.0544120922040876,-2.186997982156263,5.974898708404974,13.285342120004513,15.257005028261755
-61.0,0.2675722051525124,10.155458649849113,9.887886444696456,-5.161143534910575,-4.777298823388741,10.077609618750897,-4.651522167561537,-0.886408920878706,-2.1354659886922738,0.17925683798101422,6.445611638872128,2.5213837203857175
-60.0,5.088292910156586,0.7977974535557868,-4.2904954566009295,-2.971988478680168,4.648451330838856,-1.6921435033019216,2.0470212899368674,-0.7669792861591287,3.3052391155997793,-3.55758811386672,-2.215612912462714,-1.8539718730647436
-59.0,3.62129385930418,-11.50684380076408,-15.128137660068369,3.914890435146412,9.415300435346468,-13.3417261264153,5.837440794914629,2.767135959850077,4.300143206541131,-1.862739112850826,-7.557091532371705,-9.132896159280275
-58.0,1.0924534349387134,-4.184892455031538,-5.277345889970256,1.598299199542959,3.147096503861145,-4.754384158719085,-2.913833296052833,-0.251357785348864,-1.5172297829631842,-2.9404749443675087,-4.704925689513219,-0.3180788131436767
-57.0,5.7472130634213725,9.535563109593689,3.7883500461723862,-7.668547312314141,1.0184851386259068,6.638404580145741,-6.124753574892056,-5.901099326715538,-6.162731005037691,1.8546969970012004,-4.898203639321924,-4.668652739370891
-56.0,-8.862314492256756,-0.6220436070840665,8.240270885172755,4.711624997632693,-8.515945612337791,3.7826893815202913,2.948504218114286,-1.2858594164572064,3.430494330352876,5.738373235944075,-1.7998770588575579,-7.074924084556708
-55.0,-2.193870665780806,0.8898083853825713,3.08367905116343,0.615358870411236,-2.6869553089705214,2.033580417667591,-0.04882222831747107,5.461960940037704,0.4558704831756496,-1.950446245559942,-2.473497935963451,-1.2870878259004752
-54.0,3.667349739215724,3.5364899203805575,-0.1308598188351504,-3.5670579460967895,1.8462348809786517,1.664025073019398,-2.2088655698510435,4.920922516143609,-1.2268193737664392,-7.316042833551105,1.049353361922793,15.140059785323793
-53.0,-5.626339247297863,-6.004377939833179,-0.37803869253533473,5.844302687680916,-2.601333366245619,-3.157670106315355,4.232866318859165,-0.3145628905010587,0.6327836294079467,-4.429094113534557,3.6212604531090777,4.148639597621454
-52.0,3.482760917566717,-0.5184368338346208,-4.00119775140139,-1.4557298469727633,3.764843920746442,-2.230655928832487,0.7677319694830829,-5.098053625580331,2.7915141285249594,1.0878371649760894,6.686599679646034,1.064115985443438
-51.0,-2.176055712211752,-2.684426271986901,-0.5083705597751833,2.379756175168774,-0.8071253160379879,-1.6476568997185865,3.7742105571441793,-2.1485415004554334,-8.593270651623932,-2.431739231415855,-1.5242485460231645,-9.811184421420657
-50.0,2.142841025081762,1.8970200887037951,-0.2458209363779953,-1.9860288544568618,1.228028221978177,0.8536275025589763,-1.46551027580139,1.6449433453683056,2.7234336010208593,12.38513893177842,5.896668157230594,1.4033245279223125
-49.0,-4.241742669561711,-6.58569597243363,-2.3439533028719532,5.376569723292148,-0.985839580873189,-4.435471988707469,-1.2615887763314766,-0.8764857207418435,1.1808313083357374,2.417706182008848,-5.58459665885225,-4.319394698965752
-48.0,2.9056034504037695,4.892888462653417,1.987285012249548,-3.85017948954311,0.42889354524442724,3.3910731935807776,-4.822263708058893,2.214280693237503,1.6333016972919878,-2.1480270893416167,-4.645877433575853,-0.9956557564284587
-47.0,4.963633734949839,9.495667106910377,4.532033371960416,-7.254189787724508,0.18874910722506166,7.041742549796391,-1.3824423761192945,-0.6505856199735764,3.71991692142273,6.465917013455315,7.110661283307101,7.584446605715789
-46.0,6.474413253494652,6.1765264896218515,-0.29788676387289503,-6.348406488496223,3.436880818704332,2.8841617824517116,-0.72891570896174,0.13557445229761164,5.724233185601591,7.909357403986949,8.85037921182435,10.113657836781238
-45.0,-8.814606919442422,-9.026965609336058,-0.21235868989363532,8.895926107828366,-4.333543852790575,-4.601809768624885,6.179086572700457,2.243538409245975,-3.630631332230342,-4.798063122643302,0.605524736072149,-2.4945543991734245
-44.0,-8.401251743355807,-11.863507269046835,-3.462255525690917,10.181960199403477,-2.4292326705535894,-7.650331115915156,1.4655780957894509,-1.9711540404048289,-9.333835878920684,-21.95629212391807,-17.56192461449088,-14.034497486684298
-43.0,4.843519123083869,-0.5848679805782719,-5.428387103661935,-2.163506337180764,5.091782706259748,-2.9970241293432385,0.42432517157300986,0.40935778061056394,-6.991782137670641,-16.89829775440181,-18.650143196406848,-7.151791955297218
-42.0,6.479032965632442,6.34960197374536,-0.12943099188688523,-6.374031037616447,3.335107087346136,3.120190542759806,-2.6982317536275233,0.8901745958469914,7.568470437591553,3.2917710554624406,1.0210740736342387,0.7644441050389608
-41.0,-1.744558334818053,6.638297342933138,8.38285567775119,-2.4095575151618265,-5.033866689917881,7.524416311458042,-1.7782318884651724,0.36243982500437427,6.162519367225159,22.441484114802748,19.66571724284936,10.816544250033107
-40.0,-6.377432377879068,0.5348077365496473,6.912240114428542,2.877847668937839,-6.6924454421435895,3.7429526878895567,-3.5299927244238507,-2.639494089822739,0.2501136553625747,15.97983038843211,22.119928884070255,12.705223664618167
-39.0,6.222246285161662,4.0906751125210175,-2.13157117264088,-5.201866730837747,4.210599887517482,0.9258411536949385,2.0746011912264812,-5.139951954713328,-1.1232091614824422,3.94484173185662,3.156603113663923,2.7424349266564185
-38.0,-3.6749114102717666,-6.773798680395111,-3.0988872701235577,5.2551367133004065,-0.3305845087416843,-4.9858128096987775,3.448496014387912,3.387577213558306,-4.518754763992849,-11.412352694707947,-16.12014822932307,-12.160915443022747
-37.0,1.3764853170884708,-4.5330568119492884,-5.9095421290378995,1.6057998988763433,3.6806104037770004,-5.189535315765462,1.6134761738192076,4.217566184103386,0.42842855272155966,-12.767344103905419,-14.997364759104446,-12.110531076801836
-36.0,1.150948096685318,-4.979600936625976,-6.130549033311374,1.8597095362341436,3.599594240916501,-5.522062458486278,-0.12056269204448777,2.160088669829142,1.5830303369375704,-3.7430318930669095,-6.526308931215468,-3.932002416307859
-35.0,-2.7268605527870458,4.038608150474285,6.7654687032613365,-0.6342700378718169,-4.709655518484525,5.435891145911272,-1.9988231459750985,-6.354360031712748,-2.9883321191933465,0.5723700405050591,2.4694497383487253,4.2691450171254335
-34.0,8.971242692810183,7.38500809677261,-1.586234596037393,-8.15733308769094,5.235095886568223,2.855448387366995,-3.0435244679622295,4.657699678714442,4.2202471850147045,6.062277115538774,4.414762507602016,4.171368656016416
-33.0,-7.214711528954179,-9.265742270023319,-2.051030741068855,8.262261564696942,-2.5476761336298592,-5.62245094578411,2.503240647994949,1.8010355701151979,3.1208590230469784,5.506358463372275,3.4154149463683035,2.1552212521467276
-32.0,-6.025954867037598,-0.03907173806094133,5.986883128976846,2.978709835962122,-5.972387530466423,2.9322242796914413,3.2287905770424183,-2.374213894488239,1.1354976318165015,0.3301466388373786,17.426073363177963,13.806755823209988
-31.0,7.320641888102114,11.721416822622484,4.400774934520338,-9.492454070750139,1.4156165713007396,8.020615948882709,-1.7947375167309674,-0.581044443350107,-1.1516963048207438,2.553788198473648,11.370209798820126,9.872457681896849
-30.0,-1.7702686375607386,3.22383476394708,4.994103401507609,-0.6949598443691745,-3.347563332475834,4.14895722116348,-1.192829411105578,-6.5913420692957825,-6.01201567933214,-8.828876779358312,-13.708879353252676,-11.560703039355406
-29.0,-2.668956179450184,-9.658717195493171,-6.989761016043176,6.119046742875803,2.115494784035422,-8.28140846500104,-0.9889912431424379,1.972657500817474,-3.5831395214429294,-4.290830169029144,-18.839808597809757,-20.1375986241134
-28.0,5.5928260045371525,2.4136850523915223,-3.179140952145693,-4.046994952038707,4.417826305927783,-0.41437149622661096,-2.845641277433205,-1.1641311231155478,0.016983984236583538,5.91219678611694,-3.6059748122032182,-3.346006112003007
-27.0,-1.63281956754447,-5.381973694888117,-3.7491541273436613,3.543199211212336,1.008597727806678,-4.591839989910277,2.193969925772679,6.2573159854853495,2.1477063036105135,-0.4971552499644616,1.1497185900475158,5.8687351440128515
-26.0,5.4033684517009615,-0.8975545738135335,-6.300923025514459,-2.2153360100771406,5.879261439831612,-3.5413258887941867,-0.42105572002662206,5.572713176617862,4.7114445688916815,6.128409133763249,8.924475806313014,8.891567274172294
-25.0,-5.478331483109924,-0.0605517291062343,5.417779754003705,2.731971587625314,-5.420932183042112,2.6618841407437364,5.6066667817438445,0.4349294347556403,1.9598469506564413,-2.088497220734871,3.654417047006449,2.515076474689666
-24.0,-3.0666652388139664,10.053722663348472,13.120387902162454,-3.4464908447325295,-8.142066549616544,11.571816019685526,-1.05295974718159,-7.547612056030433,4.285444777393193,2.2873193730375645,3.1335125285404244,4.18648853264617
-23.0,1.4969537327284348,6.027197498712004,4.530243765983631,-3.786910677004145,-1.4803150475876077,5.261717463924535,-4.6063052128518,-3.075996134985484,-4.15716918095441,-2.3060605444738083,-1.038877243607689,-2.2150261515855374
-22.0,-4.46036774114037,-15.67355539850881,-11.213187657368323,10.048431258911396,3.42058174968494,-13.465077499590748,2.8266561594061588,-3.3281201132542053,-4.859563174189007,-8.05554970195949,-6.69796567921847,-10.396184793727663
-21.0,1.017384354229992,-8.942403103856568,-9.959787458086474,3.9478131775748766,5.461311426907144,-9.400547275300408,1.8957545137961773,0.6710060586180493,-5.915164582363298,-5.035193829528178,-2.050330311448068,-5.39173788573618
-20.0,6.499278253500822,7.063221901581398,0.5639436480806124,-6.717347396164541,2.94476958914554,3.7785310147262887,-1.6156257402694565,8.056166395703258,5.6435683037106195,5.21285592360198,4.7707119215397285,6.578261545731662
-19.0,5.619942365064839,7.722170295020813,2.102227929955843,-6.69069228658373,1.7359033741408256,4.9497584089575,-4.760390327710882,3.7225299226920257,1.6181455145145405,1.2775553289234782,-3.8406399734966,1.7064054651469591
-18.0,0.16855136449270436,0.14543383299168333,-0.02311753150121776,-0.1855195287912541,0.06846016535173788,0.09355658799718025,-3.141949262348926,-2.096757573614526,-0.6824054483021476,-0.6049674125700721,0.2357186549833259,4.373968948733069
-17.0,-12.465262601108877,-0.3841987614795652,12.081063839629246,6.385021283471904,-12.228961118048693,5.797445990709103,8.60149817437324,-3.7661412359470168,-0.7884736669568617,7.5754594955596986,4.8341316872643025,4.808709529728608
-16.0,-6.106349782982258,1.455643034903094,7.561992817885454,2.353675887915,-6.797489576024047,4.5318538281151195,5.414968106114981,-2.367761982469639,6.262883630857443,12.431050204898105,11.016213574141434,2.4690755697052937
-15.0,10.975905995051669,3.962688112215023,-7.013217882836522,-7.448354029518903,8.946785415783285,-1.5858782155428852,-4.089784326180458,1.3453378290778846,2.844039698835732,7.478518337721401,6.607235745712421,-1.0587445822199415
-14.0,5.363421212699089,-0.3063542787927487,-5.669775491491789,-2.5097048766336068,5.544776398714053,-2.9741397452949974,-5.314618312558799,0.41645240808595624,-7.369265828245945,-13.950568093261921,-13.153909789042373,-8.855526019152887
-13.0,-3.602363870167817,-10.179753449145581,-6.577389578977774,6.913226711964477,1.515591394272949,-8.366587020455905,-0.9016951061533991,-1.6006862271293678,-3.946212181887264,-18.835045306325643,-18.4600028612925,-9.96255841694184
-12.0,-7.65351104999096,-10.3768617136925,-2.7233506637016482,8.965764763326991,-2.5143716047331903,-6.536252278643888,4.297277441618711,2.8677846445165285,2.274113754944123,-10.95506835545168,-9.79504400173387,-4.190200930708034
-11.0,10.407561887383935,9.728862086519154,-0.6786998008648697,-10.030680467425466,5.5739430012142925,4.545202086697431,-4.178933143440261,1.8939506198246177,1.2415399118484884,3.5168721919693207,7.666775666531342,9.44989566682624
-10.0,-1.5330379525701345,6.266997294694571,7.800035247264678,-2.401762096829664,-4.7141566994609425,7.0634154508410125,0.4006293821625982,-4.026043798182398,-4.682271938300225,7.466188786457606,12.8160643390386,5.586991112939949
-9.0,-8.143469419348829,1.7619317459125616,9.905401165261399,3.1588704562158716,-8.99402505245618,5.7959345140202485,1.109132865195696,-1.2072938965905013,0.8774421227718945,11.398214722772584,14.112542489470442,8.994451397802617
-8.0,-0.01669192221190663,-6.156251904715885,-6.139559982503941,3.1324748582157778,3.0123327353022677,-6.175802085649943,4.501205850159408,4.466232973352975,8.442852213728166,10.145340327552042,1.4483367202309996,-3.183418089773145
-7.0,7.271864877826123,3.5789729388531253,-3.6928919389730073,-5.461412615199466,5.512663258343566,-0.07834439106413782,3.696122780709466,5.048741205053602,0.9606519261585458,-4.261954978421767,-13.912609671551657,-12.988072311752862
-6.0,2.2697697414234517,4.366065182282174,2.0962954408586514,-3.278621152298831,0.12008798560253497,3.290987569688072,-6.476909235796953,-9.263768373494514,-4.522591260860851,0.20239873408878362,-3.856511190133867,1.0109081518303764
-5.0,-2.539816250336379,-3.2392196701703972,-0.6994034198340546,2.848480760817367,-0.8814372015821113,-1.9892137975198791,-3.6975246150077394,-1.8813118937140576,1.9246024802896775,3.0827085472870737,12.683457339117172,11.550988724292253
-4.0,-5.079524933262981,-6.593400160927394,-1.5138752276643914,5.875598284355059,-1.81633189983466,-4.076242344804521,2.9272987962768466,4.850001136786871,-2.425007479269158,-4.30121582630278,-1.4143934420214483,6.036506452551225
-3.0,-3.272812893782463,-10.075247673516841,-6.80243477973431,6.717298143404585,1.7369275394585624,-8.46397582359284,2.591840023542762,-1.0659032150420042,-5.253355593953047,-17.65688598073638,-14.005011908616577,-14.45907139590282
-2.0,6.838448967572189,7.393935511851333,0.5554865442792267,-7.146414696744658,3.116842074945966,4.027308660527195,-1.0839330062523653,-1.3402187005519082,2.1339358632306036,-0.8752393758046821,0.6747063049814948,-5.438981709386822
-1.0,3.1789762745551062,11.605715197297652,8.426738922742611,-7.418303720558969,-2.648070211935834,10.069419891541422,-2.341138737708318,0.8469604697535016,2.1105067909707786,4.748513385466229,3.669195234903799,5.842605896871046
0.0,0.7602573613593537,12.232285261252134,11.472027899892833,-6.52061880492883,-5.302916378117743,11.827535077898105,-3.7349097533561495,3.915204534722369,0.09005816734183436,6.696389898662169,3.6474764409038336,5.125165645688306
1.0,-8.165380267930498,-6.65489909573662,1.5104811721938636,7.384270185822865,-4.787254515036633,-2.597580500927049,5.0137910320523655,-1.9259926123646056,-0.16111810758055256,-0.43538442746735306,-0.7110118651291586,0.0014873565677935296
2.0,-1.2889002022450256,-3.514431898401692,-2.2255316961567204,2.450616834768636,0.43845736128204993,-2.8994173151339684,0.23718751771821722,-0.48822672535749256,7.650791440399939,6.814786525319315,-0.4585185879880491,-6.121198976581697
3.0,10.200696944154961,-11.110959395015273,-21.311656339170295,0.4990550302428809,15.725719843663578,-16.248312795751673,-3.717035109241283,1.0064667685098376,-3.8723189136440217,-1.3136538976498757,-3.232120719567418,-3.8889907416294434
4.0,4.9979925916414345,-5.523367713886055,-10.521360305527551,0.2228481661379027,7.729970416404388,-7.990166654874909,2.384514249808955,-0.41480942404489585,-1.8573358531714763,0.885388379707695,4.64267506483553,11.452731996867325
5.0,-17.072477638210753,-10.171989325572934,6.9004883126378065,13.656628136411097,-11.935537984660918,-1.6124963651745179,10.492747978538599,-2.9088452744567923,-2.6403743803074553,-7.114284037190734,-2.6722876817833296,-6.279911488222297
6.0,-1.94649071214707,-1.0680583691224161,0.8784323430247492,1.458883002366706,-1.4377421494273257,-0.0774757918229958,-1.3286013349802746,-3.222416577426558,-2.983666439914349,-2.3001389528103204,5.093063471270453,-3.0552591423508186
7.0,5.554939415802933,23.291444113822788,17.73650469801998,-14.396431799337567,-6.035068312577284,20.529610965657987,-6.471010893483728,5.988415314104403,-0.21599176290362165,4.231410398813607,0.21282219608931485,9.354844457678968
8.0,6.337770214149319,16.03489485792204,9.697124643772781,-11.241120204235589,-1.701920549706959,12.883763081175426,-6.505693437477733,2.090617454231472,3.4189103831163594,-1.6092022063492197,-6.178983210169135,-0.10780068247032126
9.0,-2.760171150493096,-4.792158557445835,-2.031987406952754,3.79896065643276,-0.38804455378385105,-3.4686489331377857,-1.480145611581006,-2.389356143087509,1.5336954969550605,-3.353918161777292,-2.3241627457946468,-2.106473950106089
10.0,6.798498400207526,-0.5419506623760277,-7.340449062583487,-3.1040945046696065,7.040923836064204,-3.992748782931288,1.83057253472701,-2.662395749951167,1.8528088238394382,1.7138802519165888,-1.0007628621881688,-6.5379625697911585
11.0,-4.478512912121455,-8.822292243055376,-4.3437793309338,6.678925301612314,-0.024028097384526603,-6.551315298623778,2.5854917018576176,-0.9245149276602165,3.7589139712616784,8.49146882061942,5.5431475720829635,-1.3114348980715218
12.0,-7.638709352388006,-11.674794976626664,-4.036085624238502,9.613294956388238,-1.8443211897104956,-7.820065679115624,7.380914413950841,3.3849578530605955,0.223976210961647,3.434076027873303,7.033421723558728,2.8661480801333705
13.0,3.024102842335912,-0.8135220167133603,-3.83762485904914,-1.0622574639051257,3.4601565168281363,-2.2873643374616464,-2.9193304808520395,5.222002330577476,-6.282360602668938,-3.9891605467517843,3.470613321328856,9.423358983709722
14.0,-1.7308762408431173,-2.684175309411093,-0.9532990685679794,2.178613859699326,-0.3632623524647486,-1.8572377595448548,-2.96280006166565,-4.6349340857932475,-6.894880431241187,-6.758216173778655,-4.876157391890461,2.469090033383279
15.0,8.939207605180643,4.590539431188785,-4.348668173992011,-6.789595092114986,6.669031368385998,0.08357191197387581,-2.8384508833427757,-3.00220133709913,0.09969055146114458,-6.854788357480386,-10.37790376829481,-5.804769884977345
16.0,-2.3789255317255993,9.34555139607697,11.724476927802293,-3.507389469265031,-7.102772854085795,10.576567847940154,4.691906880016314,-0.06943829636963939,11.189543648772881,7.055729211726499,-4.0647207391303315,-10.516855616109716
17.0,-3.201973065068068,2.957410135288158,6.15938320035597,0.17400539316777142,-4.727121456775574,4.520561727459889,3.144217238942477,1.5811669938674036,2.442963154931456,1.7467359397995348,4.1512745736779015,1.8150472941692026
18.0,1.15892849687047,0.4104732860186493,-0.7484552108520282,-0.7389206046375678,0.9914379332378953,-0.12914996993166383,-2.2309683363128103,-1.8664540843140198,-9.818647657160334,-5.058336670157655,-0.04661238364797082,2.4138395888470714
19.0,-2.9264639479991073,-5.912538683231251,-2.9860747352321675,4.37853073060495,0.07250745975176626,-4.48936548917057,-3.8492981456369377,1.0091938920213017,-2.5233622758880383,2.3638534391675017,3.9153664231974683,1.4870819790786678
20.0,-6.576288043354131,-6.9153280926229375,-0.3390400492685406,6.695911621414593,-3.1515487784969514,-3.5896208523517386,-0.004044926791348935,1.3525602564376478,3.0260718135400744,1.0063114634266404,-0.1812199196009634,-2.665367085440637
21.0,2.423036500341713,8.581734343697281,6.158697843355987,-5.482071626502151,-1.822026040476607,7.406409662199296,-1.5388016982055448,1.3281509973099732,4.851627299829973,6.986947553355714,4.1391005884716305,6.988238547211277
22.0,10.14370896160019,-2.53562263587353,-12.679331597473428,-3.7905420908758902,11.374513214337036,-7.65209714471713,3.1502234156661495,5.482417427919036,6.222831973816868,6.927118777440091,5.2820404260523075,-2.642901562999854
23.0,10.23037090821406,-7.933639570971945,-18.16401047918593,-1.1389713286933685,14.152136525799273,-13.096454035336256,1.7797600290232034,-1.1941744822762674,-4.4860428157153205,-13.140375587737317,-12.547962114433535,-5.848845556533742
24.0,-6.514020778435388,1.8217337653291246,8.335754543764448,2.354321816436844,-7.401866181787629,5.1062079587419635,2.536351821296149,-4.8948661221817575,-5.172247895126629,-8.458995427341385,-2.1237705047421924,3.06629932618043
25.0,-15.126337267903255,12.116284614224057,27.242621882127107,1.514124567479522,-21.172254293311898,19.70347774496039,-5.668264976687237,-10.39223162741556,-5.361471941776484,5.6995383378761355,11.788475525090535,13.684661038345796
26.0,0.755499758492328,11.589628723824962,10.834128965332315,-6.1617892217671795,-5.035037718260318,11.233773821305789,-2.5289302910134097,0.2884177170955655,2.1120001429894155,8.820349910059358,4.624912580738632,5.7881832745491835
27.0,4.504717441775105,1.1873090699217417,-3.317408371853647,-2.912892043442806,3.912749239223176,-1.1218719512611859,-1.2984359080213799,3.183647177975087,4.277443653725914,4.046763803888876,-2.1628843644596705,-6.480252158762752
28.0,0.729448070627464,-22.91766943017264,-23.64711750080022,11.105876262963656,12.194007352943162,-23.257986912379998,5.299028144499651,9.947533589141635,2.307478381925329,-6.015247280151698,-8.17768184301292,-17.599017570294443
29.0,2.7350724266871502,-15.66845628168602,-18.403528708372992,6.477545502386665,10.585352076920937,-17.007057180536705,4.328713346998276,8.217798088434861,4.682268530790819,-5.541709213705816,-5.283081454435758,-7.599121318137154
30.0,3.5650332382773335,3.505675187029752,-0.059358051247162535,-3.5250471509220582,1.7642659866025285,1.6789206215407813,1.175889001404139,-0.6930975484168234,-0.8442969247892003,-3.3076133244377792,-6.976414765092521,-2.973993786788679
31.0,-2.6769073353611024,10.78948978493506,13.466397120296618,-4.0448301555262764,-8.024483680023158,12.167706749640292,-6.084869098013703,-11.454128697735479,-6.529608498344992,-5.000734199560312,3.6533168380063876,7.780122993239642
32.0,-5.420052338362636,4.330059729671622,9.750112068034472,0.5601822372988314,-7.601907099972744,7.004644751752548,2.7458691526765917,-8.159973607683497,-7.537597624183165,4.621484843119319,6.406524373663723,12.86386413804688
33.0,0.18359289398225576,5.440246452039192,5.256653558056775,-2.8691413008214095,-2.5429212645844137,5.392628871533198,-2.5894512370414753,-0.007138194270265963,0.6045942275283438,5.984814646821469,4.295418502556544,7.581189649744195
34.0,4.77488469674473,9.145947545640903,4.371062848895789,-6.930731466694018,0.1999757215586735,6.721919416464251,-1.3848842649397888,3.4954852307140487,5.352494068061578,1.1894641590871915,-0.5569766745120281,-3.880987225312832
35.0,-0.5651696902298633,2.8935850246631896,3.4587547148926205,-1.1259919996258918,-2.0156300068595243,3.1353796966318024,-1.1424646035155182,8.29189540971166,3.214835540408414,2.1025538230848637,0.8236167531299389,-1.2401547728540807
36.0,-3.5362135495332345,-2.611884623863882,0.9243289256690224,3.040713899456235,-2.2406464934540944,-0.810807439362975,-3.311170424554489,-2.5910145234870194,6.600495992865591,10.195479842900284,8.668966060751842,3.7454214828576005
37.0,2.136286095034193,-9.177107670992537,-11.313393766026845,3.4914382050033788,6.7049712065802805,-10.21647791652942,-0.16658761654310822,-0.44652957130929827,0.6936566730116138,-1.1160933645293714,4.5320216700893505,-2.4714134267939705
38.0,7.754129351563336,-17.238165308150727,-24.99229465971394,4.792485408098301,16.422223578186912,-21.088763858883418,7.4631141549232645,2.2214396163337455,-7.676486071333436,-12.704448758581156,-16.05624584373908,-14.208045458296915
39.0,1.2039661006988798,-9.280626509726545,-10.484592610425144,4.007187463830963,5.88490121556197,-9.935081808242915,7.633634434000049,4.188721202927304,-7.971332686273124,-16.9327374885937,-18.73901479127717,-13.564647021378676
40.0,-21.31871848672507,-0.7284069572852478,20.590311529440253,10.98706657073595,-20.99869496036961,9.958586582996835,5.1129334685509775,-6.529016713193204,-0.07442526405807648,-2.3919661433470516,-0.43567876484259926,4.931474416337665
41.0,1.256317109481766,25.6498594650115,24.393542355530066,-13.417046640645061,-11.61658403445044,24.972528013011434,-13.10819618443014,-3.303535017043528,7.727182296764363,20.293761809397715,21.562368650969802,23.85247694584636
42.0,11.618024905119947,15.259251854014305,3.641226948894449,-13.408024300718008,4.017049019673619,9.48145508893217,-5.0462846505273955,3.8822290579133356,12.644407552935055,17.163915181440938,20.603487754807215,13.194072302530442
43.0,1.3086215692157817,-8.501869990997953,-9.810491560213947,3.6237329580656095,5.587064976204658,-9.12417996324956,-2.3879217044495995,-4.9752816445742765,-9.531239619923129,-4.248586933749067,-6.412641439184361,-7.528987181042524
44.0,5.17606697708576,-5.229440768377864,-10.405507745463874,-0.02608772041726365,7.817682233197557,-7.864417923234154,1.3560675611526785,0.5829222656597485,-8.781494928661767,-12.123011907094273,-16.010256124973914,-16.376527984113416
45.0,2.4011974814760584,-2.9201329690320703,-5.321330450508312,0.20787718002951006,3.8092821378851527,-4.089820363404613,3.5522421984711925,3.711642083188055,-1.4590403374818868,-13.507255275736128,-17.160543638231626,-8.937011237057733
46.0,-3.9880280316598515,1.841885465560832,5.829913497220723,1.1034326011604056,-4.960095843206295,3.7870629925222925,0.4012805634011918,-1.1836204407956326,3.556813282606859,2.260785776827457,3.0639781210651584,1.382121639553171
47.0,-5.260488443571944,0.46151789758539774,5.722006341157563,2.434544767485456,-5.460884489354706,3.1212851603126013,2.384601685691824,-0.778103925793094,1.4089027594501897,5.797565602417891,4.440344117819016,1.5829028545958737
48.0,-12.358580078835747,-12.125134557455604,0.23344552138029373,12.282188876603831,-6.260269135674526,-5.915613510463622,2.6690987225746756,0.6306140389806189,-0.14219900159695031,4.859766066608515,10.759164419089904,0.8419390935359305
49.0,4.422502614132794,-1.487542595563188,-5.910045209696079,-1.5014050170630933,5.209940376360979,-3.7455639120250024,-0.8058016856001747,6.574056314868087,6.637145841731273,5.053130821738494,14.942602940830113,19.90832756129603
50.0,9.529233799314412,5.925377139329638,-3.603856659985034,-7.7589250008214075,6.540566909313901,1.1947942861037013,-0.24949887947186,4.221087947246943,3.5479616802942333,1.9642552769253885,2.1909322069646455,8.528729226779571
51.0,-1.549539736753796,3.6313425013465475,5.180882238100095,-1.073255512481471,-3.383199412870259,4.441289696356045,1.9915601836855306,-2.5122830331258132,0.43104114682416367,-2.1093276834219625,-9.956508628510264,-6.831373531974238
52.0,3.248962110610827,7.584858400305969,4.335896289695074,-5.37416061093539,-0.5568805072150522,5.915852290244607,-7.586602445824885,-17.10729708735399,-5.985138799754033,-3.3029291746337184,-8.25933764916065,-12.260779414489267
53.0,0.5312727201243981,-3.351201959928593,-3.8824746800528516,1.4472208482880515,2.193350531018222,-3.6649291216006334,-0.8168861341807343,0.5014032295537607,-8.445155702269746,-6.460241163543922,-10.738730748749187,-9.675001804406417
54.0,-2.6049843516751827,-6.752395455620157,-4.1474111039446395,4.6314434453255595,0.7532234731889326,-5.424843220496573,4.8592593405852185,6.25978129665601,-6.259106264144145,-9.50743271151234,-8.670671016915893,-8.581984649298075
55.0,3.815417493439729,4.026775807340337,0.21135831390086834,-3.8939826016183785,1.8557344811743115,2.1381019946772413,-3.835328115890017,3.8401514710523936,-0.2566542789165771,3.1509466980109315,4.677545011976452,3.7992433216009154
56.0,-4.163731649631038,3.484317187755897,7.64804883738708,0.2863049681164056,-5.938121281590879,5.5808291297820025,-1.483781700160701,-2.4085983646104436,11.696930669248578,13.472652273107373,17.025313934269274,7.381867636067593
57.0,-2.62443519000852,1.1472504750166799,3.7716856650251955,0.7653686517959141,-3.156667822512725,2.473123219715052,0.5376200942715872,3.2948894390724517,11.337961384418078,7.253212981503671,9.638881926266333,10.936460798062107
58.0,-2.4625633526017117,-8.097696040480452,-5.635132687878851,5.311143173331842,1.547031359461962,-6.928218019869084,7.384803640313141,8.798059582750579,3.812450562080361,-1.0780197558006472,2.465597714408953,6.549468596875172
59.0,-4.466885842838476,-0.942031091964163,3.5248547508741135,2.741112966160652,-3.9551900342482957,1.3156798924682773,2.453703361480898,-2.966620844962242,-5.689986373357796,-2.9932028258178702,-3.0658846871882606,1.3562297337124578
60.0,13.49357242185027,-2.080948655157491,-15.574521077007812,-5.743412830295291,14.498956155346821,-8.793506546574442,-5.12134650733262,-9.235156268404833,-16.002599512754337,-12.258555549096076,-15.352006166088454,-12.091090536187469
61.0,0.04677973431550164,-0.13705252737426576,-0.18383226168971234,0.010503579038064537,0.1619028291544895,-0.19470111132641277,-2.2932694946459105,-8.450387409531062,-9.3909610091215,-8.358854242567856,-9.708457836249714,-7.660021146452401
62.0,-11.431323921033133,6.817103899497369,18.248427820530747,2.2715988314089213,-14.87074338486638,12.58499626095673,4.753753571112588,1.6276444020884204,11.275971097643724,6.404992767688802,4.229321649112986,4.042684400359231
63.0,7.909619888465082,5.213724937134975,-2.6958949513298336,-6.521993589475187,5.27085037111813,1.235045451476732,-3.05571924847989,9.900543921524857,7.34585994788792,9.178014654860394,9.079435737233467,0.40843731128490246
64.0,4.866940875390197,0.311052626549678,-4.555888248840407,-2.553727027919832,4.676712686162532,-2.150119974647635,-4.602606504915158,6.600662097099953,2.1430431297674124,6.448852995499985,6.255817121939313,1.1708659226527527
65.0,-3.146663656224013,-7.177581302501341,-4.030917646277464,5.11552428759769,0.4830970907483746,-5.64177428444926,1.039194046892702,-6.626110950731709,1.5688684601011906,4.024159112177328,4.832639128728806,3.2233042360956397
66.0,-5.1529481420900884,-3.882114724200811,1.2708334178889351,4.549383698211533,-3.172813783777615,-1.2777389896055351,4.527685414808019,-0.09204704974046507,5.117416517320547,-1.3585778120163559,-2.076088106245456,0.884290882187539
67.0,3.084338049407564,0.04984568729547423,-3.034492362112448,-1.5323712109591208,3.0982749486850025,-1.4774435807602027,-1.378957690919342,0.18925925027874047,-8.118273511654644,-11.464386004169704,-12.749325097636703,-8.189249028268948
68.0,0.9370004282744833,3.8595705775594813,2.922570149284744,-2.4371339694295564,-1.0321107546788149,3.3970838416995583,-1.6159645225807142,-0.7622612395953539,-9.71143560465965,-7.743251424501829,-2.950879465285217,5.904969199513846
69.0,-4.722518882609605,-1.7122476518850438,3.010271230724549,3.184419993552228,-3.906206525348713,0.6528962983071092,2.96857938773207,-3.6479381549871035,-3.741614489738021,-3.379207995082038,-2.375121222379879,0.6546849098223835
70.0,-5.852054447942212,3.088726513140019,8.940780961082478,1.4323634167520183,-7.360756515169687,6.023689431786336,1.055860171689976,-0.8359649289046642,2.839194330195651,0.43781925258753074,0.688050362299324,-4.768081945607721
71.0,4.1067128229569825,2.5193540731578077,-1.5873587497987383,-3.3382848998022085,2.7972244799964683,0.48534976029930976,-3.3403847610528823,-1.1357875944441969,8.19623394917602,13.057474563270219,12.123828153529317,2.044897785023832
72.0,4.039834684264899,-6.15283348717249,-10.192668171436942,1.031649230720651,7.135919653663564,-8.21980460858418,4.570999258873082,6.6307400741265745,2.3709483792535435,4.109801202229976,1.2589644105266045,0.5165960475883135
73.0,9.713663870250068,7.624908550815992,-2.08875531943384,-8.616811252516184,5.911269445810063,2.8101422425143507,-4.2611731065575125,5.003289661371312,6.374304988878397,3.592990340561634,6.504815864467559,2.5690268320643916
74.0,4.901925845515292,4.751381812272484,-0.15054403324284538,-4.8550168258281765,2.5290986682778644,2.2690573527909716,-6.789504673104391,-0.9759581965174515,-2.4066848250206863,-0.9432892785623539,-0.031249746940384293,4.14777799399546
75.0,-9.632145896115679,-4.635653166351435,4.996492729764016,7.10410930192762,-7.313909302060523,0.1481065358910454,4.236287406641595,-4.33022499459774,-6.290750068275258,-2.4708793528508375,-10.961727395892362,-0.31960990066441275
76.0,-9.205725232662449,-11.108386427181,-1.902661194518855,10.206244002223904,-3.647707736996475,-6.46530401063592,6.515063448396031,-4.505564190883684,-0.8886488649261173,-7.471442334509983,-7.920989730395701,-6.694969874251026
77.0,-2.544559140320379,-5.456382713345333,-2.91182357302519,3.973031352908099,0.19630536605958282,-4.231251827259234,2.165559052791915,-2.501194059820086,-1.8982069848700878,-3.2138847490465183,-0.12645244348915963,-4.533007170957816
78.0,-2.981262971148692,2.6759071642601358,5.657170135408725,0.20728425474906698,-4.2940720726829404,4.190774734853086,-1.9505627650735198,3.5960660663944246,-4.4482200353238195,-1.407257032036155,4.072535570732944,2.5880800247318896
79.0,2.9062144094690185,2.2698262452774074,-0.6363881641915401,-2.6091810243694473,1.73125554308917,0.8378956394207546,-1.8423564919677076,2.9562504381220522,2.883912589497795,2.9460380878734846,0.8010537862169218,3.0550193882021066
80.0,6.5776330055044445,10.05781012861707,3.480177123112815,-8.337858689399138,1.5209590712407328,6.792661652415662,-2.2109026999533,-0.41600645871003294,4.044494187621651,-0.31738080825150883,3.3723219308957795,-1.5013364068499881
81.0,11.282973753245226,8.324870864956294,-2.9581028882887086,-9.826020588519931,7.102270000555319,2.714032801398447,-4.653106234010704,0.04258221982335042,2.4997025137388276,1.223186666604641,5.194300633188427,1.5135466400752116
82.0,-2.2470383009053156,-5.088239271824947,-2.8412009709194477,3.6407251866226344,0.36388483408239614,-4.004237753445302,-0.06430224094745807,2.0191407779360437,-2.315247757264581,2.169654867575288,-6.51552080916492,-3.5026067931932157
83.0,-3.0615845787358085,-6.9479527789243765,-3.88636820018852,5.050183443530775,0.40397183185963403,-5.449917802264436,1.493011917455838,-1.5977933815754604,-1.1250825625223875,5.626921428507694,-0.3124876907910763,-0.4132208737696522
84.0,-4.883660684956286,2.253485865455932,7.1371465504121225,1.3542504836719456,-6.0174391606165,4.665007955134742,3.656021424594945,-3.1362986568635955,2.803453881721756,1.216322605708241,1.5415617423639443,4.162325850156401
85.0,-2.57607188581796,4.4261162489666805,7.002188134784525,-0.9691511655187863,-4.796382563460229,5.760128903602012,2.900898710376084,4.520346753182341,2.275664677079592,0.8249687578532405,7.992640611733469,8.532066453634274
86.0,-1.3991762216733221,-10.021890042005136,-8.622713820331914,5.743117552434224,3.602992606265847,-9.361160452162729,3.8326816619702564,-0.9325689038895646,3.865048305731035,1.6542288487174002,2.164848729692812,3.3079206025589043
87.0,-2.4742922169096992,-6.163366907190872,-3.6890746902812603,4.273115210265782,0.5958539275861028,-4.893661216902231,-2.069161159084909,0.23706881700804838,-5.0403472087975505,-7.147282963405646,-5.811542114785972,-4.494838346369941
88.0,7.312200823677908,4.29506011958808,-3.0171407040898996,-5.768242558595832,5.227799841538739,0.6652303532070747,-3.9998786448076746,-0.9863446332362484,-8.245466541122381,-11.44477763740982,-12.607133106635606,-11.98010019409164
89.0,3.0425919655951787,4.548223201806736,1.505631236211543,-3.835352846711524,0.7473531136490319,3.0492184638044373,-2.2916145431090125,-3.575138242263093,-4.852734103444524,-6.250490023776708,-6.043428931911709,-8.035786219222567
90.0,-1.8926945957007613,3.1839578379061733,5.076652433606984,-0.6032009010090262,-3.512586145525425,4.072104281999961,-2.826195350011275,-2.1564747752968336,1.2290936293373882,5.702738672737214,3.8049353559729813,-0.7796655382069742
91.0,-5.777895973668556,-2.78776985446238,2.9901261192062725,4.249587224404396,-4.419307676090623,0.1211745801460049,1.3597477596677565,1.0566194171076815,4.7705957243692065,7.65984408745414,6.1144246669701445,5.209014993666397
92.0,-6.173883554419873,-4.358064089562564,1.815819464857364,5.313390468319715,-3.958078676990728,-1.2517518028012131,2.3397375256904867,3.164484839602628,6.35042341416016,9.80606930889319,5.280911632980252,7.604656400291659
93.0,2.8733080459267373,0.8311552977451013,-2.0421527481816404,-1.883190655605063,2.4901556276294796,-0.6663104666638843,4.420241688787092,6.845822155594455,7.553728044732075,5.77113082422615,9.852797413134134,7.988018078928888
94.0,10.80747863107392,11.437056007587717,0.6295773765137556,-11.154431522740126,5.041997460640418,6.049210240302866,-1.5442393199521751,0.8756153002725737,0.2378702238378847,-1.5523312266971638,3.6293473422827414,6.766783015745352
95.0,13.957217193523547,8.571902328049603,-5.385314865474056,-11.220428342906617,9.706739521643366,1.6075534953703476,-5.866172388319863,-2.3565521120868627,-7.533586301643489,-8.458843368848301,-5.212191280324823,-1.8548913748714724
96.0,-5.107039762093375,-0.31375405100273124,4.793285711090553,2.6726535555323436,-4.985983224928445,2.2541369741202306,-0.7891147166011521,-6.843992330607666,-3.442390473926049,-8.227633747165422,-11.218333870356094,-10.760310997112565
97.0,-11.494363293126698,-16.270113913079793,-4.775750619953142,13.920018948969405,-3.3067633535447314,-10.505722999486705,3.3376713246208483,-3.7706822505613484,-4.842426723116203,-3.377633434806368,-9.671591262045663,-8.170268533491193
98.0,-7.862064168397714,-11.392471000526875,-3.5304068321291013,9.66205270509753,-2.1826396610853926,-7.517272291336794,3.3361044818950663,0.9205383234069173,-1.7438302422188787,1.2791169263661124,-1.1972953522771848,-6.425943243947828
99.0,-7.991143729993815,-6.130380314177675,1.8607634158162565,7.014108479069211,-4.936083720961541,-2.1041521838645445,5.235963633114755,6.245531153835419,10.240548878104672,11.944530159748432,13.57436028225158,4.558192435302471
100.0,3.3446638410091523,-1.2165960233103428,-4.56125986431932,-1.1130665155240829,3.9449481948942386,-2.8501236768616556,0.12796727943658526,3.3504501743198345,1.1789241410186273,-0.4380521131440558,6.148373722241202,6.959675576133982
101.0,9.183243976629068,12.44939604537541,3.2661520687464702,-10.788569200253027,2.9475237797800915,7.824425768365363,-4.890722617676904,1.0884050007904595,-5.135751876465431,-3.0563036871260993,-0.7325731702061677,9.690144736062502
102.0,8.87094266990065,22.2685683206145,13.397625650713877,-15.543423766991047,-2.2815460252626134,17.803128084052556,-8.791927865226763,-6.796329783914016,-4.76892268197528,-5.534862675789355,-9.58279532602399,-1.7463833179897712
103.0,1.1843215079877574,7.276107252434356,6.0917857444464945,-4.2048428013685175,-2.4023992521390403,6.73214442168485,-2.3748490910843008,-5.296771494593521,2.547286272637129,-2.460674916600956,-5.214394781107251,-5.984890030090576
104.0,-0.07324443895026889,-3.9841593458846116,-3.910914906934529,2.053152513863002,1.8827676193019212,-3.9820717544297795,1.8599072424896987,1.8403524413947587,5.046262319451894,4.564415655953008,3.9947899091283197,-8.13602131028007
105.0,-10.068290274952737,-24.70387815286656,-14.635587877913967,17.33046283806163,2.3204106333119574,-19.70984601991337,8.311743038068254,7.815390515274938,3.834708841890711,8.51717173401761,6.73129460011837,1.4335610114599264
106.0,-6.183919813092626,-14.595946770919992,-8.412026957827427,10.332718651306068,1.069922160952157,-11.47005007960792,6.053448510441783,3.022279318676204,0.25770483031108715,3.9845721835572476,2.9534415567946373,3.5891468049508912
107.0,0.1823573085580792,1.2259120942539088,1.043554785695921,-0.6834003960140782,-0.39474029220823015,1.1670745243886476,-2.733906519249177,-4.0302386207052825,-3.844108297572783,-6.599498496031883,1.6827037060718326,5.981575228622097
108.0,11.475310474001658,22.402114668142286,10.926804194140788,-16.916299259163598,0.3130386965788987,16.699398310744293,-7.12452644873528,0.740806550205579,-3.566207441506885,-4.519225118516415,-0.23573764823593846,5.747620835486481
109.0,5.1782173223115,15.971630103164985,10.793412780853636,-10.546971867174213,-2.8453372520652787,13.34504512625971,0.7494299632022332,-6.508919631267627,-2.2107673056439627,-2.9815246178046575,-2.5124249769754368,5.761607228242787
110.0,2.473813771046165,-0.03392348979887139,-2.5077372608449835,-1.1825144058265726,2.4524214289876927,-1.2999558772947406,-0.6999736015521321,1.2456340923403788,0.051758140648583195,-0.8928596759208174,-8.577085229258138,-11.93737771112951
111.0,-2.6859445553325525,-10.3014910863406,-7.615546531008145,6.464215206954064,2.500802628417518,-8.979516112917416,0.21338870362251872,1.942164355643429,7.322451222231598,3.0324662973791314,-3.3877480630012093,-12.79550225583718
112.0,-10.654883783006849,-19.078989796850124,-8.424106013843453,14.848805271440622,-1.1655476568312502,-13.687883910562848,2.1506802651963914,-1.7384896307334288,-2.3343270502203826,-0.5485792348224634,-1.2384331658994547,-4.101607155974669
113.0,-9.88509586114607,-9.919960460284052,-0.034864599138141106,9.892484489399038,-4.904690645972108,-4.990072337762931,0.1911583305991984,4.13334035775285,-4.095567668685142,0.9240440464298878,5.232576403503095,2.0195612704848838
114.0,-8.812322540614762,-0.28922672905201985,8.52309581156264,4.543797427550331,-8.65331266809395,4.102874949386328,6.173454018348101,0.3488652605712188,0.5508865195017515,6.220135070932843,7.321965817366676,9.989752923583875
115.0,4.001317774536837,10.619716373456766,6.618398598919923,-7.319459141175703,-1.295666234444608,8.600373323311139,-2.0924556962682614,-4.282829495723705,0.8234876477429824,-3.0341648314624456,0.7696490612549898,7.770131888555482
116.0,11.380506285762372,14.386568131554277,3.006061845791994,-12.897899785023977,4.203975979546992,8.671132328335633,-4.615377041063157,-3.089920184394149,-0.4975698794311011,-4.9740015160331605,-4.175336480243729,2.397536933663436
117.0,26.295679191337076,18.225205225879932,-8.070473965456964,-22.202567224855947,17.208229016979182,5.124196695723654,-7.599823091550951,3.707012091425041,4.802359894914444,3.9114685466711605,0.10656057178083689,-6.294585487382466
118.0,10.815060835304955,-3.7347922515995506,-14.549853086904312,-3.566522053961542,12.639590263055823,-9.101166094724729,3.385698212113376,12.01133228003043,4.856470270088694,0.8232880480680989,4.352345646646018,-0.2902989418118338
119.0,-6.011746517633433,-6.551684201957773,-0.5399376843241885,6.33055547843864,-2.768200333463879,-3.5874987918531502,1.1169206455145217,-0.21668656071114833,-0.8121966973523002,4.353074527247314,3.923706449553765,3.039137500029086
120.0,-28.896117684025143,-11.977335564555174,16.918782119470052,20.40494072340034,-22.93115613802389,2.5050460475979452,3.6187629256488805,-10.067216216612525,-7.658923650439797,-4.408183509216035,-4.62449761143672,0.9875077867439304
121.0,-21.1859442182185,-15.678716156838696,5.507228061379754,18.399041081533728,-13.285645876414346,-5.1320190594859465,4.647361699799724,-8.803876344790655,-3.308285463864371,-2.7744522029712595,-6.637000914949441,-2.695552972772105
122.0,-1.3624840242744973,-3.822721169146714,-2.4602371448723517,2.635511975049729,0.5344222970565475,-3.188809388282003,1.585198803025771,-0.11021047865714007,-1.0428173791026767,-3.0177852035147072,-7.981530596812936,-14.62710517402024
123.0,16.388650818149877,9.085072757931806,-7.303578060218232,-12.777111101650954,11.832862694562989,0.9224075298350671,-5.506387432531731,3.049463813601837,-1.4788166946599037,-4.911389441250404,-0.3197034574119497,-5.831825057639153
124.0,20.333277816315412,25.535087535890867,5.201809719575312,-22.90170923588475,7.630377021247326,15.40241539060237,-6.2075054245253956,6.253220502172967,7.936561468401889,11.281444376435424,11.328749986263702,13.767135398148325
125.0,2.176247230242671,-4.07925040035289,-6.255497630595617,0.8988471560705946,4.198579657578021,-5.12866820692907,4.048872477305126,5.910253423643608,1.9739695534873194,3.0589464730159666,4.486823415626777,7.575269484006818
126.0,-6.908256474863649,-11.918825902051559,-5.010569427187861,9.434745875994826,-0.9718504747655574,-8.498104109009649,3.641268640703911,0.5112561566364504,-1.1868568291075046,-3.5993114833547724,1.589908009507682,9.875692706576075
127.0,-5.7841504044532925,-2.2635987784550062,3.5205516259983796,4.0433200972179435,-4.683031948830347,0.6022171829129199,-3.5054043837562965,-4.88751385095815,2.406772415217996,1.7372335226923665,2.4172763853445804,-7.824129322004391
128.0,-2.962994333456712,-3.9452484820511087,-0.9822541485943055,3.475620202409482,-1.0289179700605127,-2.4840828763373928,-0.5002339032625861,-3.7797279622774482,-2.753059608981998,-0.20936443997889523,-2.4693415875981524,1.9827614220178753
129.0,-12.63320739158616,-9.110311494292711,3.5228958972935316,10.898449360981747,-8.043228399692172,-2.7320261428715233,3.596582703255895,-2.0641194165350845,-5.763348043027067,-7.170248391529108,-12.320750790356282,-13.533728969175906
130.0,9.608465006066272,12.01275631895406,2.404291312887857,-10.856122912045098,3.6365785503116577,7.191333718628873,-2.796591326594597,0.361985071040857,-3.4414541641612044,-3.158476471158646,-6.8852715050523345,-8.218422935087563
131.0,13.944975143863847,14.437343737882118,0.4923685940182967,-14.230857658008507,6.766656314337105,7.444363809728873,-0.7661139752660787,4.296350269583255,6.919900384528438,3.3846943542788863,3.849862563476208,2.659521315762074
132.0,4.411129234466072,4.774570631878471,0.3634413974123506,-4.550205594902064,1.9964197557573888,2.5431517956742877,0.27172031321224377,-2.976511525559612,2.4638014464028313,4.5221776347870115,9.417184003673958,6.994594906747835
133.0,4.15145228274618,4.1254417134057695,-0.02601056934050605,-4.173519327508287,2.074229284545734,2.0969759008968127,-1.6131228737541177,3.9100523036326216,4.507534843455125,5.4542875675816465,7.42224126697363,11.787396414784492
134.0,-15.927917776067158,-15.284460830673472,0.6434569453935564,15.649125731979554,-8.289520420960272,-7.355966101522763,5.023468709018418,0.9528431955447292,-0.46951315626164547,2.584315398087604,4.614995256031529,6.5483514727213405
135.0,-5.991537768317652,-13.425401863003831,-7.433864094686291,9.671568229045995,0.721950320798399,-10.387229688555802,-1.5369323201408904,0.6360596037097762,-4.114253772570555,-5.196943364356856,-5.915310112878903,1.1357963947553364
136.0,-10.196522430989194,-14.92622286718733,-4.729700436198144,12.60320976901033,-2.736158501691016,-9.861704521842013,3.498708257393101,-2.169211875803336,-3.8395801503413107,-7.154216861899492,-8.566890524516133,-16.11990982016962
137.0,2.293905395783595,10.837335800899435,8.543430405115895,-6.600600294451807,-3.1388959187246424,9.740655473986376,-3.805634860030765,-5.372118752527802,-3.8797212549149576,-1.5740733401339422,-2.9740815938565186,-7.050250344830746
138.0,15.45522322889408,21.8915187327409,6.43629550384696,-18.625694744238427,4.47876811623275,14.141576867737292,-4.507232889102457,1.8316492565518172,0.21786317512910314,0.43317186105509964,1.005567155971971,0.20085845913863842
139.0,1.5945671736567846,1.1948635939286376,-0.399703579727968,-1.4206728629576837,1.027693460772165,0.38018312746573635,4.111123666925767,1.4752308499600368,6.059966898026859,5.4586192438786645,-1.1929817542751509,-5.728037460075544
140.0,-1.6283916785561932,-1.7691915463506813,-0.14079986779436593,1.6779329644399734,-0.7272104521655862,-0.9703273118589455,0.44671778987557,0.2856138839705551,1.816761309078133,2.6592597919005865,4.241443623234979,4.874511793725445
141.0,-4.619114620624822,-16.32571521637462,-11.706600595749778,10.455374668050315,3.5530989461557,-14.032961930612005,4.004739512660324,-0.38117240126596497,1.0749517868298248,-3.55691058300143,-0.7309001882467165,8.695533532425777
142.0,0.9887177526319628,-4.042544266412083,-5.03126201904414,1.590203319327001,3.019832770708786,-4.479556492192524,-2.3612030972903533,-1.8515807513082176,-10.308307686634784,-11.234189738876188,0.12639273024615516,9.298745995474722
143.0,8.13224231801721,10.600178608118725,2.467936290101363,-9.382802141583518,2.8487451977088694,6.5061099878943525,-6.271313844012359,5.616001747202574,3.1430711256486052,11.878877792256151,4.297492794026084,2.880379532215046
144.0,5.053898208989556,12.158369286039303,7.104471077049599,-8.626472628054787,-1.0776289437080833,9.675240836606879,-3.1614777626657924,0.11014714155885108,9.61315977917966,7.912033089881709,1.5854768565734454,-9.162815705672331
145.0,-6.236924336202227,3.6166793892174423,9.85360372541954,1.2841355759962643,-8.00967368520759,6.694297281233232,1.7397172003056212,-4.311283133466489,2.987672588787756,-1.6091610010634083,1.6057406299720738,-2.5950987501063905
146.0,-12.204097248738051,-0.6966711388059407,11.507426109932029,6.4968581841918525,-11.893285876013021,5.361016060046389,9.167642583922198,5.359952542268322,-0.8695885169562002,1.4687039609975703,3.832235906059452,4.496688973455637
147.0,-6.9289381723118,-14.277916618436914,-7.34897844612511,10.565729033942015,0.17329034610245397,-10.779204086464855,7.880239721119281,10.12020099788212,-0.9350330963068743,1.1482386421412758,-2.925246711793127,-8.873712257959811
148.0,4.140070081266001,-19.298745376329666,-23.438815457595584,7.6171088713478685,13.827849511107377,-21.331020666653647,-4.279152366011894,-18.126052555391844,-12.047085358776291,-13.8282042426831,-13.943312702498538,-5.911783343068194
149.0,13.25907843779914,2.0911744275238036,-11.167904010275237,-7.716685949937462,12.245458169414828,-4.572932049679853,-11.147502184758963,-16.384031483908387,-13.75844479275134,-12.323654019459317,-9.568693557556685,-0.30373572188264886
150.0,6.227821739849402,24.766467130705266,18.53864539085594,-15.458280132903896,-6.130865167250672,21.70419029754836,-1.689521595321299,14.290218594506053,10.606503095522827,4.557627413204089,7.587670415037001,11.497004921726559
151.0,-2.5436276691136097,7.256433511807707,9.800061180921368,-2.3149857495495194,-6.233038258402688,8.507041986335407,-0.4241857230843369,9.984104170123082,9.225753207042066,7.525660843334489,8.357621509896187,3.9289978526890517
152.0,-5.082671045061853,-7.2181864611868995,-2.1355154161249814,6.114728466121154,-1.4618586032883507,-4.69606060355998,2.175052996506043,1.696284119081409,4.4485741184663885,7.622941220543768,6.542806830946355,-3.4093169878456058
153.0,-9.429275658290578,-15.151304433276735,-5.722028774986126,12.253907930835934,-1.8464429524242103,-10.458992910028218,7.001911312946823,-0.5960422407476775,1.7617548635349634,4.6936817924757746,1.358533937656448,-1.969540379832834
154.0,-1.3385458893783704,0.9438991999165065,2.282445089294891,0.15772539965721322,-1.8067651119197636,1.5831909582546153,-1.2844224955562678,-2.261842146001776,-1.8090263675889529,0.3242883957496865,-1.789248520880864,-2.292336680856269
155.0,-1.4018884371318472,3.2585197074339436,4.66040814456574,-0.8937413627328636,-3.0301364574312695,3.9982487393926487,2.936880746855601,-3.338984169572581,-5.411113352714208,-6.194348661750751,-6.313189237040184,0.4248392004231929
156.0,3.6748402588932545,4.521101703143174,0.8462614442498029,-4.067322486496962,1.41300194206658,2.7131677179410474,-1.1669530379198103,-3.7256158609927343,-3.6956776259727206,0.7945918012775515,-1.7462578085655087,0.49625928060069113
157.0,10.352929756860403,6.735532645287824,-3.617397111572739,-8.515024376352464,6.981921478715777,1.5826714640804964,-3.426912551998705,2.5139283037076705,0.849751398013102,1.0021557515724684,2.2058968119565963,0.5323324465357562
158.0,10.51342378473432,-1.3691584397328265,-11.882582224467228,-4.619882440621661,11.193460635805627,-6.681841004452076,-1.073940461371234,3.662251901369708,4.758279691438771,-3.6412994700252366,2.7353653674706857,4.298970851085732
159.0,5.111519120979212,3.3977185157440717,-1.7138006052350825,-4.219236646212386,3.40817576718172,0.8692810570496623,-3.772054490044564,0.5220035214296486,2.8245302867977307,-2.06764665490255,-0.5220120261964898,3.3704851429747764
160.0,-11.271281076668348,-6.632387995229264,4.638893081439288,8.913721847477422,-7.9572379884723645,-1.0390816523655528,1.8959399482915305,-1.7017454757612727,-1.5100347257045488,2.4643059962994105,6.415793306105706,5.309998891972655
161.0,-15.889750329362096,-5.600157083667121,10.28959324569526,10.789669109199142,-13.08644904182051,2.3932029959483927,2.1554839790200786,-0.2556401485336181,-3.906519450551243,-2.9437519899989426,-8.699267643770328,-14.315792057466066
162.0,-12.988364069531897,-2.9064986594351776,10.08186541009697,7.9147337801122175,-11.523287992589442,3.570455893909456,0.8222647066515596,-1.3820486090632647,-3.9307516024331246,-5.642277015543544,-7.3311179742639965,-9.555141901919958
163.0,2.809990381750074,-1.8087235989267059,-4.6187139806766755,-0.5351878231970217,3.737327780524252,-3.2191059608535855,5.324719352782678,1.138030167096098,-0.1869681796494026,4.091692774489775,1.2549075508834284,-0.654865753938878
164.0,10.78979874468416,-0.9726008108759956,-11.7623995555602,-4.86859949468708,11.232459327994738,-6.364295983678399,-4.080515967620343,-2.073771523830181,1.503087641785488,2.8792997983573203,1.5575008491260371,5.464285521386315
165.0,9.946170618841053,8.166883469420064,-1.779287149421111,-9.100006072700003,5.908888833089674,3.2007017555121653,-2.8099292075919045,-1.4384975585292148,0.9179784556034956,1.6934058670173848,3.011062403471666,4.6930316170644275
166.0,11.481439249705794,9.95145688176649,-1.5299823679395192,-10.684490727974707,6.481121882179637,4.215509195412171,-2.085598102468696,-1.6528114826485494,6.776142968738198,6.9479384547812035,8.742798168736075,11.58706597051941
167.0,-1.9955695886622005,-0.2298309996513055,1.7657385890106745,1.1439160090194402,-1.901498804714513,0.7647896032248176,1.0235005816634841,5.526977209755431,1.4052245161789294,1.6437638016197684,2.070683604417569,-0.8785065481331165
168.0,-5.975685584613458,-3.598050743463154,2.3776348411501633,4.81969265624918,-4.19805242837206,-0.6259598758832725,2.969756748402987,5.6838032994196865,-0.09371036974987212,-4.251503480696248,-3.6366412790056692,-0.46163751082159116
169.0,-11.563541836434686,-6.6810110121377715,4.882530824297011,9.078812556470204,-8.16938564272655,-0.930015263098427,2.2166230193966765,0.09914646007639005,-4.389216568389841,-3.8697048757753914,-4.663827938167446,-5.399739702090841
170.0,-5.670682187923015,-4.844130200232481,0.8265519876908107,5.21526811275364,-3.2787185378023915,-1.975393043915727,2.713089584597453,-3.7919768107572813,-3.481450153940893,-5.019563054200553,-2.9068936826405523,-7.501119082803621
171.0,0.488092918083912,-2.0867427880960956,-2.574835706179732,0.8346863647056262,1.575765750846437,-2.308683264817899,-2.423202311300125,-5.775088052026466,-3.4714671961662598,-4.216373578859602,-3.4268496452484403,-5.342052707873182
172.0,9.926496530011397,5.87992531525213,-4.0465712147592265,-7.950607216208148,6.949852954801866,0.9328350671665333,-6.706854703811905,-0.37879797980353835,0.9111257007403024,2.2301108439236224,0.6241883527487062,3.475380438427834
173.0,4.991680806645668,4.641936606468011,-0.34974420017786034,-4.791112896920287,2.634531908109773,2.0836607392983586,-1.5444224978384549,-1.9584622087738435,5.662904687106571,6.598119715850238,5.905353438674719,7.7995730707819275
174.0,2.6727379357071555,5.094227279402136,2.421489343694722,-3.863297716885743,0.17106545312244847,3.77980008676158,-0.026122221229311293,5.066466550859188,4.023229610407258,4.782427193242649,2.356527136080276,3.385358284178511
175.0,-4.971147384469685,1.3837506753100914,6.35489805977968,1.8101568181413215,-5.613621222654998,3.9005423870319387,2.167970706102236,2.477820185308905,-2.9178834122519195,-3.0064419177091724,-1.13381784398071,-0.6738377099018167
176.0,-5.822930801581046,-6.594913401468691,-0.7719825998875378,6.224274275192626,-2.5516321139088896,-3.7206711660969343,8.778006179641096,-0.5997714198595472,-3.111106220230963,-0.568046407684102,-0.44322079593143904,0.1769003704356329
177.0,0.3394925846006607,-7.629192519437339,-7.968685104037755,3.5828496560728675,4.1286254261560575,-7.748937872736445,-0.8264412281184037,0.4148521733647336,1.1242638347322322,0.028907363678862374,2.2218375068376863,-3.92151338925788
178.0,1.6842570394820338,-6.573762903596051,-8.258019943077862,2.464634194906936,4.943143750410612,-7.440432228179368,-0.5085831293250658,2.2726709639667395,0.25470121364207504,-1.4513060729947143,-4.418408522568347,-5.153606578687315
179.0,5.896364241969369,11.269083878511921,5.372719636542702,-8.558940594678264,0.2288626319136151,8.295017845638856,-5.006958879367556,-2.853393277030862,2.010055660059213,1.6796276619494745,-0.2783425616797601,0.962997973046138
180.0,-2.842008443292659,5.970587257020339,8.812595700312986,-1.6153998227356388,-5.78683097776352,7.359142051701569,-2.5133760034791086,-3.29094231812591,-2.2800713109718966,-4.737058218121427,0.03691713606657432,2.995520776855429
181.0,-4.731871793726141,-1.6751090665933712,3.0567627271326345,3.2343884065255497,-3.8571193611309,0.7272379959668811,-1.286407878358549,0.900853075962819,-2.714456422970329,-0.06906780220039921,-0.44582027475553465,4.403719935961627
182.0,-3.6017316684033354,-0.012970602234128936,3.588761066168953,1.840580438672371,-3.557716016972675,1.813944180749224,4.3011986204723485,0.16686151957054213,0.7910618070073754,-0.7574451364365063,-0.16270432372532795,0.7666430308822618
183.0,-9.550881099009066,-15.845656401829345,-6.294775302820496,12.653976118086625,-1.6652922507360002,-11.052119736075369,4.000999194133898,-5.878340515745914,-0.011889559029385321,1.777219172668873,1.528172357393639,-7.372237889796493
184.0,8.085435633602675,0.5694700570304816,-7.5159655765722855,-4.292875819602664,7.769758430404902,-3.5373414783699912,-0.0012953626323071177,3.5049496344569153,1.0050306967935452,4.605394404715826,-2.68804559124176,-2.248824800418328
185.0,20.832445962400858,20.126502593610006,-0.7059433687908108,-20.52436542937282,10.744906186179492,9.726887188968472,-6.045488963232813,3.814422510277212,0.5954048742104151,-0.5166280563731673,5.701114691471345,6.701396745974867
186.0,12.408945051348724,9.662090586729787,-2.746854464618759,-11.002601458932027,7.637597390773852,3.4811270862846113,-4.062978919715633,6.7091151863930385,5.123683513714246,4.668132194746886,3.7709996370042465,2.5358547455294502
187.0,-10.058481567930023,-4.888351735303715,5.1701298326266025,7.42726132008056,-7.630627787209136,0.1746705081157638,1.8315981415851703,-1.3173862240213325,-0.9072489045728835,-2.2067864943861735,-1.5709183047103927,2.1016256276439242
188.0,-20.202517946755574,-13.087538160098397,7.114979786657468,16.67867436420231,-13.675118195298058,-3.019862940488168,5.673965710561352,-1.968523004844681,1.5135910624349012,-5.31742807704597,-6.029047173570931,-3.8906809399153985
189.0,-13.762932619697747,-15.115986089102291,-1.3530534694043768,14.475780112499109,-6.223705630193331,-8.257841359919578,4.892559436061377,-4.112747915614261,-2.8540030607750726,-3.18516341477128,-3.3342444600293684,-8.226333218033714
190.0,2.005538529268863,0.29509612560562726,-1.710442403663264,-1.188954862080207,1.914084922628863,-0.7233636329672346,0.4211276929462844,-1.123053399940436,-5.310959417947947,-1.9345713293711182,-1.3654703859444726,2.5060297372560365
191.0,13.460007148274007,13.030680779741108,-0.4293263685331058,-13.201459412813204,6.9175557174534505,6.289540653341158,-6.38016892959634,-4.054798637105526,-8.367598760322252,-1.0046559728554727,3.009553234078978,3.9656593182200837
192.0,13.482705406660932,2.4565282680282374,-11.026177138632955,-8.00198518263571,12.222968356811984,-4.215329455439224,-6.157244256062314,-4.272792880195296,-0.2790519919480796,3.8051070681262833,0.7600232151775006,-3.529432323961865
193.0,-6.413108642976255,1.2844190410256244,7.69752768400164,2.532476092390924,-7.012115863266654,4.48161668578763,5.385870280177478,9.87574184151953,14.63425681217701,8.227341824015024,5.4114659236304075,3.2386773359036622
194.0,-5.782351630946174,2.0919384770051344,7.874290107951227,1.8120407602413287,-6.789164477892074,4.97214374080472,1.2959941005803175,2.4093607304947087,3.3754980414960984,-1.038798360509353,-2.1327899940763193,-1.9268051677942861
195.0,1.2196502556362758,4.402387838911869,3.1827375832756837,-2.767578285293981,-1.0255964868373164,3.778575913719026,-0.538608861518002,5.065618039519185,2.7747148608415664,3.033798571679952,1.9116373079110827,5.423483282598439
196.0,7.709853549503404,-2.2313037707296846,-9.941157320232925,-2.6978048122540383,8.776415620843753,-6.104699421537937,-1.5432518197649094,-3.329901948661145,-1.8278058477317027,-0.610830799244928,1.5688736658310494,5.106401955216958
197.0,-8.825132420036661,-7.061060532000954,1.7640718880358328,7.9831407882599015,-5.270036425309584,-2.5941168531504206,1.0792198616491762,-6.928600121675987,-9.468085393974777,-10.933247782828373,-2.978460951161231,-2.815976695144643
198.0,-4.008907665142951,1.1214281324077486,5.130335797550731,1.4037044835409982,-4.548960296209259,3.0945161293586727,-0.7181781680519592,-4.734583962070914,-7.373773914218462,-1.219307830987363,-4.308147791029108,-6.13354323704942
199.0,8.212595266903538,-8.401523460568862,-16.61411872747238,0.05247662537028308,12.432875479942942,-12.546627564038856,0.8418905566560281,7.457877052498788,4.533131783836412,-0.814053463636186,-2.6927911017263146,-6.999762077117712
