Time(ms),I,II,III,aVR,aVL,aVF,V1,V2,V3,V4,V5,V6
-200.0,-3.2343557790940736,-7.136907303972201,-3.9025515248780605,5.212874785697476,0.30601311060680314,-5.565083043341719,5.567038627862254,-0.3827608050277216,-0.505526056082499,-2.1793721739153913,-3.2605151413041713,3.549064354453103
-199.0,-0.8676910715435342,2.4518664339783953,3.31955750552194,-0.8378553440000829,-2.123911008989669,2.915075371609053,4.0780517658184205,1.4888420188054798,1.473959681280049,-0.36525135415758436,1.5077705593925734,3.3019887078152816
-198.0,1.000007208420518,-1.5686921904160884,-2.5686993988366744,0.24231712208330705,1.747314503695456,-2.043186798028766,0.316765026398931,-3.0860749885782326,-2.030520831129519,-0.6963218194003233,-0.03728824780859985,-5.356259247032942
-197.0,-2.078480589000428,1.2494447463012583,3.327925335301594,0.4509880891583329,-2.6708925610162018,2.311584288151489,-5.771137830572506,-2.815935123893899,-2.831039122368367,2.449720658711632,5.013516105654143,-3.258779308776777
-196.0,-1.7332501423472666,2.5648895645906933,4.298139706937872,-0.4625452170224036,-2.9920261995463777,3.3749762074345515,-0.4659398487009998,-0.6251535920975675,2.072523637692287,1.8348965373472927,1.6921542937695309,2.1782045083191792
-195.0,0.5384809967747506,3.572946032913281,3.0344650361384575,-2.0307681977547065,-1.2287661876396085,3.3272584676385857,-1.7159938803816535,3.938831717800915,2.0772936345366637,0.4117328818715138,-0.5624524697669935,3.31731206444395
-194.0,6.895028508321754,-1.451153941811301,-8.346182450133087,-2.704196389826807,7.641642826920737,-4.872128690044198,-3.084836134413888,-1.4616960667278809,-6.190288708726818,-5.606184297020802,-5.000063754040442,-5.167825941732374
-193.0,3.2088317454648427,-3.0490192708128534,-6.257851016277671,-0.06714763311918848,4.683639131407837,-4.701673249815844,-1.8282469825886802,0.13789502394545938,0.3616527949981605,0.7756254149630641,-1.4171404790791802,1.8771554677971674
-192.0,-1.6308845659573419,4.920012190682682,6.550896756640098,-1.6332700881362268,-4.04963951276989,5.770222012783271,2.113878998241149,3.421156435847088,7.542308428486866,3.296690190936599,3.021957094868506,2.090903008843575
-191.0,5.229821078292071,9.507378908484378,4.277557830192431,-7.355303540480092,0.45190561477885316,6.8524437683739245,0.80902512194917,2.2064204969846606,6.512961343111499,4.593418780255338,9.383380122310394,2.434273463170928
-190.0,-3.5881281779224983,0.7490580067511274,4.337186184673736,1.3585103844576039,-3.975691969699021,2.5850853632635253,2.70288315425263,0.08790382930340562,-0.153158260000815,-0.0322938293108086,-0.6287746523900468,-0.018860093252728527
-189.0,-0.08269612786368974,-6.2678368030713765,-6.185140675207582,3.1985150956378403,3.0450540381620836,-6.261104399649976,2.044545738221643,-4.049314501062336,-8.501697947264002,-4.210755005705341,-9.371705842827282,-2.920729504837691
-188.0,-15.094089864723335,-17.04633523300825,-1.9522453682848446,16.02029395380811,-6.5754023635646695,-9.454434841967469,2.9279888399249003,-6.7170649387040635,-9.783444235764584,-3.258977149431362,-3.722514500316818,-5.376656290740127
-187.0,-6.413624463845483,-8.37770653408641,-1.9640820702409663,7.429539359321642,-2.2322879764216177,-5.205951881902017,-0.744061808996556,-0.028584523688170993,-1.1397441048354766,-4.933846166056611,-5.712637327569047,-2.7468801004949714
-186.0,3.454352119153219,5.61865742146329,2.16430530230996,-4.49857831688844,0.7097454768648994,3.93180091973381,-0.8581319026424028,4.346838837805416,4.6181197464214865,3.166115709878192,4.542899514869768,8.077768705854568
-185.0,13.815796227562739,10.381164660145224,-3.4346315674176573,-12.058125058904402,8.602631403196176,3.429342424482225,-1.909579098463018,3.7162072280024327,7.774574490532873,3.059260809315691,6.035815939723323,4.440481132800141
-184.0,13.420409762813403,12.928825992753278,-0.4915837700602239,-13.212967754135786,6.924030715268767,6.246645177631664,-4.483001119114486,1.664106144392112,3.457948118014727,2.068751049944791,5.82368140994013,-1.2562907836789536
-183.0,-0.4413623349302309,5.852052562604671,6.293414897534877,-2.74636093207703,-3.329885580807857,6.015530449045967,-2.8265983577565463,-1.5340108315014593,1.110372044799612,1.428850208232042,4.1406939666441644,-3.175954930151055
-182.0,-12.622502120237979,-8.979475705646706,3.643026414591351,10.755371054324904,-8.18241254843077,-2.6506812885023283,0.5730834881011692,-2.5010355429615423,-2.950519071051186,2.9555570468079657,-3.1003563178666407,-2.1493731677738426
-181.0,-9.9618730708432,-4.173647133667356,5.788225937175966,7.096371402062409,-7.852746045389291,0.8252486541688686,5.458874827535838,-1.655732385373756,-4.279947331840396,-1.4597590735696047,-8.03062245062763,-0.6740811436105156
-180.0,3.412798004157901,-4.1602928265928565,-7.573090830750603,0.40046932521757306,5.510681201345359,-5.843047694465092,1.9636405858409463,1.1069047815128246,-5.351680941869328,-5.108169342690289,-2.454944338803694,5.560097314498418
-179.0,-0.4544207142019887,-4.193271929858973,-3.738851215656873,2.3531351578028694,1.6580104014136259,-3.9323153943009483,3.8123023094600503,0.9669078739489678,3.066826392793355,-1.987043387307915,2.618784948770572,1.0026442046040012
-178.0,7.707217273777051,2.9307552511976276,-4.7764620225793974,-5.282633953385826,6.1796032614799525,-0.9558067638790342,-4.079658834548814,3.8227746589649074,4.0426685632001185,3.153681752061969,0.1463363547906813,-4.473100821015814
-177.0,9.834705059256217,2.749927865435807,-7.084777193820496,-6.325086273519686,8.479255627122823,-2.18963231439447,-7.34498621046696,-4.529116767187303,-1.768342253857838,-1.1593587805445487,-2.8857063411312867,-3.0839619980654898
-176.0,-10.601307921997655,-1.267855501394906,9.333452420602567,5.910933655517286,-9.94339166313489,4.017197949571903,5.1211679990148005,2.2982728924207105,1.887164838672495,0.39848341908494467,1.2966208771713874,-1.279617339495193
-175.0,-2.0126870046062675,-2.781860365058662,-0.7691733604525774,2.379435635158025,-0.5930351695782736,-1.7900727493152409,2.1511003074946027,-3.0117394129962625,-3.0303672545317326,-3.0951353412912495,-1.2226768029746453,-0.32091866114467416
-174.0,-3.6133403866561986,-0.46504430100735616,3.148296085648736,2.022526369547666,-3.427278049777541,1.4016473299432763,-0.3667832149469539,-1.9267545229273002,0.3332193465019013,0.9276400249643969,3.8970866976632252,5.575746662113811
-173.0,4.774657695136417,8.914878260207493,4.140220565071093,-6.86433319184177,0.3507272915180717,6.501236358410027,-3.4241986636114854,0.7463967744791155,-1.1068177095426293,2.7924300467322816,2.4712387281439936,1.7784020198621366
-172.0,-3.1581825671889114,-2.6737707724160753,0.48441179477295293,2.9701195904989612,-1.8680418114138235,-1.129445399173238,2.200857876650376,2.272676075166221,3.5676432627410612,2.3677183635164414,4.92174696158895,2.078851275735175
-171.0,-6.685735963433888,0.3383081178597632,7.024044081293784,3.222863328035376,-6.826267523990588,3.7182841639110045,-0.4398802092943082,1.7000186529211496,1.8276038783361406,0.7738080528519804,-0.8883332462525954,0.33624558835282387
-170.0,4.482377553914345,4.7438381772354825,0.26146062332124886,-4.646211833574343,2.0570672129660696,2.5360772446345337,-1.5571654071217025,-0.24951965149550626,-1.4893810473130666,-1.1634821824419133,-4.0320233162241665,-3.388076006495363
-169.0,10.027827804386344,0.47123297434918776,-9.556594830037106,-5.284355427565033,9.816960181575999,-4.588126894095148,1.6506620774987737,0.6677659640194094,-0.14745296130286767,2.447966982884363,-3.7057161131367304,-1.638437933751784
-168.0,4.924764589490586,-3.459120525319153,-8.38388511480975,-0.6894136646142595,6.683164915485776,-5.885653448477466,0.8874344362988377,0.44533211047832744,0.8850958207283375,-0.957066779207929,-4.0182237778271075,0.6897862201624487
-167.0,-3.7672238329102234,-8.96499741781847,-5.197773584908283,6.330633352718938,0.753452629851576,-7.12075911825139,1.3360922612796882,-0.6225948890073998,-3.2120425950314875,-3.373234155492224,-2.476792583099723,-0.4005288549513634
-166.0,-3.8192207216109337,-3.4643367387405664,0.3548839828703241,3.606021172027963,-2.1144956310988943,-1.5126335621327083,-1.6081933526147787,-2.843031926033228,-1.3879731435473162,-5.772685298353717,5.8773702200042495,-8.289203870071042
-165.0,-5.85321036097829,-4.134580242662764,1.7186301183154824,5.036435212536721,-3.799581897677438,-1.2439479731591985,1.0521913142884114,-1.6504661231410993,-1.4813458442193435,-3.383201584810447,0.9952809126237234,-0.5131074117576211
-164.0,-3.781838442031512,8.917895231463696,12.699733673495192,-2.525801160798622,-8.243817703154546,10.771253930120285,-0.27032413516389214,-0.7796438379823964,0.27724036265613394,3.805247233309297,2.23983451620262,8.748048969710775
-163.0,-0.10242016787152064,7.182346960728228,7.284767128599725,-3.5763209104495246,-3.6923418479107193,7.271609934751937,-1.215372524735162,3.3061431907410377,1.6388576034878461,6.840486376197948,0.8530074108405155,4.091895051209782
-162.0,8.79973414913986,7.379486231078886,-1.420247918061003,-8.125183463331043,5.107642193828597,3.014219232536103,-4.066702027221946,0.2325900808566661,3.7699835115950133,6.564516658376291,2.7930569730182846,-1.1317802132951367
-161.0,8.324922156117605,4.2030369731605735,-4.121885182957073,-6.219515696868521,6.210193272676164,-0.00626267852808049,-1.2512182166394739,5.162866238452571,5.4562353599926805,-0.2911454789271719,-1.988381994168843,2.9657814517406136
-160.0,-1.1971720911480679,-7.4772555759022294,-6.280083484754198,4.304347010074379,2.512738447557193,-6.848279167118757,5.483019325495707,-1.7228170270074714,-0.3780960173312764,-7.108857305174847,-5.7287490561523615,1.534945184698553
-159.0,-15.098062924166259,-15.052665663361102,0.04539726080512896,15.122172529371309,-7.538040828081727,-7.474003967667598,4.26226591525778,-3.228578652439356,-8.451940128646203,-4.8071802074623475,-1.5846213425029667,-7.2044562855764935
-158.0,-1.862324864071419,-1.285302933513715,0.5770219305577005,1.5414901182528968,-1.1993578096686326,-0.40417140570062227,-3.929256625824723,-4.623657011882183,-4.269211339171295,1.1826934650165244,5.972408450999783,-4.168948594901699
-157.0,2.60346020008577,3.6580517338849043,1.0545915337991238,-3.086772090264654,0.7869869259351038,2.38315836539526,-4.412787928659196,0.24965256500384703,-0.22205200777395007,0.028467525468506172,-0.6296132747030689,-0.11457888043516329
-156.0,2.7998964353798446,1.2366103260518995,-1.5632861093279362,-2.0578076634317015,2.19279317899718,-0.21823355654452659,4.853411843737792,3.1061564474885586,4.884152722489685,4.190790412348503,0.2846808965890455,2.9506042242363075
-155.0,3.1649862296118405,3.7788456351159145,0.613859405504109,-3.5180422945374126,1.2120798173290168,2.216961277132975,1.3443510388283275,2.218156080477308,2.5496938755355014,0.7042080414208365,2.418908626016151,-1.9832410258661755
-154.0,4.807669557159281,0.23723945840431337,-4.570430098754898,-2.4967130378209426,4.7116154815394715,-2.14792521398883,0.5950233841749151,-0.5354653880058038,-3.552094676366806,-4.010714603693188,-9.422864749849428,-1.7868958251780116
-153.0,1.4620405680714015,5.319642598818761,3.8576020307474415,-3.3703294563166812,-1.1672144834389013,4.608320266675426,1.544497613864303,4.679917121592599,5.431228273247839,1.9376499640760199,1.5920122467155906,4.998065483673218
-152.0,1.350903136091696,3.4237112157299845,2.07280807963836,-2.3686855296751625,-0.4025828262524551,2.6942013054564997,-3.037010515411223,-1.0095510101395933,2.0650571005542853,2.3459512883028935,2.0185619230167178,3.906030691837493
-151.0,-5.85914684549927,-3.743246026750599,2.1159008187486665,4.821988932290507,-3.9465447107177916,-0.7802256669640457,-4.955080943041077,-4.272551186522879,0.27709899103262625,0.9699857691029337,5.8040368347751645,-1.0435196857155002
-150.0,-4.1858700507042235,-7.3395868598610186,-3.1537168091569003,5.710550259700487,-0.552771686854967,-5.202244111479158,-4.60526258745624,-3.0504798656902,-6.0550956470052935,-2.529328052744195,-2.245297829769763,-2.736015415105736
-149.0,1.6796393973332528,-2.4538314324410058,-4.133470829774399,0.42176869782819226,2.869145424399963,-3.3174017653925305,1.0910895426270373,-1.7289668018858384,-5.748085941002181,-4.66110571828791,-0.7209312897058565,-1.335151055266981
-148.0,-6.612110711013084,1.0750155360956883,7.68712624710864,2.733407748368939,-7.109170319650191,4.3647429915316405,6.352651597043527,-2.1622975626533947,-2.6514802679575005,0.026763058053692612,-1.3928646570849237,3.2379752052669977
-147.0,-0.4417239653952853,0.9201029018364899,1.36182686723172,-0.2656871155088566,-0.8609244861896703,1.1268858632045937,7.138107241047525,7.5565848086518415,4.631355934027196,1.2713658123845206,1.7260109227837301,-1.760277312561267
-146.0,0.07681541571155392,3.4382460693839465,3.3614306536724117,-1.697502774253028,-1.6779125375606914,3.3824222994012825,1.1042815849242595,6.0067927088679465,7.301329858419022,4.665734144566775,0.3521017177953386,0.01504618282697967
-145.0,7.104854691943723,0.9883639469582244,-6.116490744985424,-4.058581307104184,6.657416030035646,-2.5890782261047005,-3.2881484030637296,-0.5508890327554403,5.388720578214485,2.5918638949617705,-1.0244892728360036,1.0779066614671355
-144.0,10.307295157422834,-0.17288551770198302,-10.480180675124728,-5.07350435436367,10.365182995820565,-5.282237992822587,-3.7907184855942146,-1.6166933165176096,-2.7353770772916355,0.025209594240886535,-2.208226038555755,-1.8909924637225672
-143.0,-1.0726187044985132,3.3577166035678836,4.430335308066461,-1.144428048185222,-2.7782493757376976,3.929434244982859,-5.066083339484827,-6.564119535337817,-5.4914753926972155,-5.088427505513589,0.4855056735171924,-3.57484693089684
-142.0,-8.963730635679964,0.046641701252274126,9.010372336932273,4.459479982848309,-9.014471110047431,4.556953165395253,-1.4639229192191423,-5.24754469543843,-4.060227241076333,-1.8625915236954822,2.59279899932283,1.6119756170448578
-141.0,0.4870457368400478,-7.795673509900443,-8.28271924674049,3.6559954503490397,4.433564520426812,-8.094500931292966,5.58637869359318,0.912262875942691,-2.122296838617197,-0.6873232891450618,-2.232468464029727,-0.26310878412979255
-140.0,1.6252577732070561,-1.6853841500764406,-3.310641923283526,0.02997151723677227,2.4346584617071256,-2.4783967657964405,3.9049208115661886,7.559013912434752,4.935655725752893,1.9419231707502933,-0.24235975670050722,3.3459904406416867
-139.0,-6.009296419300623,-0.9237390597272652,5.085557359573322,3.4618232386096066,-5.504018117538216,2.0184350011256003,-4.844170429129258,3.8061207175429423,0.36998236597889367,-0.8694185472235176,-1.4782782681933238,0.6030678688451465
-138.0,-3.9773623091906503,4.625662988921147,8.603025298111778,-0.33632841332155494,-6.325140737229639,6.627915070299345,0.0547978819199601,-0.6503808390197925,2.973773377808169,3.7277527935217134,1.2292352699859244,4.349401602901563
-137.0,7.421402987412842,6.565412710621598,-0.8559902767912684,-6.936884915491451,4.185553269415467,2.867247176569589,-0.4971424191692808,-4.096951691940394,-2.1929264979314804,-1.5484840957696218,2.5573834126044517,-2.8411956941670433
-136.0,1.3010439108628522,4.35185596320915,3.0508120523462923,-2.860504027648022,-0.9020567672598858,3.7158162511944153,3.338486317801163,-0.011197315032146271,3.213486184969608,3.5464248993146565,5.751408457273624,-4.600046425554926
-135.0,0.70122723128758,-8.391972103067857,-9.093199334355429,3.7990489982065565,4.874529804668859,-8.722461202013154,2.1205303215934355,-2.973197172044374,-5.267987667772937,-5.441616279339849,-6.320165433347466,0.5708720701401475
-134.0,1.7210996041815987,-4.401319054115829,-6.1224186582974145,1.3616336100725253,3.9799163569642175,-5.232878547506398,-2.1138043852899457,0.37040898218870044,-0.060696562660817355,1.1260825926568168,-1.117856326491824,-0.09795564333095941
-133.0,-2.4628225301034163,-4.25296351203462,-1.7901409819311733,3.37179924370899,-0.3588935698972435,-3.060838417108795,1.588379920705312,1.8461110940965133,2.885633006117912,1.6748237744533245,1.1966792210081891,1.2136780300969083
-132.0,-2.3715942367051577,-1.552479480809267,0.8191147558959276,1.9730298430612563,-1.6243434101232026,-0.39601498518384015,-2.500983306500448,2.4094280464653552,-0.4370777150311751,-0.13905508455175775,-2.4845336200914065,-4.770505076146778
-131.0,1.3840371551654174,7.3126709890322585,5.928633833866865,-4.335212388649071,-2.3110142229080153,6.598927386073193,-4.044616904341334,-2.4162873683336583,-1.292783096979816,-4.056031560204178,-1.613563980478193,3.3402457078568037
-130.0,0.23770942781463833,6.251262513186536,6.0135530853719,-3.2250175621332122,-2.8583140284339614,6.193693461160821,-1.066870290381,1.1962417386595288,-1.1863032202430186,1.6030729979398768,-0.0460458203513804,3.5871902761448458
-129.0,0.4297821795825765,4.804899246739637,4.375117067157007,-2.6679188426513134,-1.9510441099664753,4.573316794689628,-0.002422116621196055,0.9635375178827961,3.1113633463526185,0.863555990903483,3.0744393840756405,0.7767593830076367
-128.0,-1.1723318222891415,-1.2432144654838346,-0.0708826431947982,1.1661836805234267,-0.532150704563117,-0.6760234573765607,5.883978225223298,2.482120993833301,5.4076777592601735,5.668142627410663,5.471734879618169,0.744419370706987
-127.0,2.0578874143349744,-6.066906718101289,-8.124794132436346,2.049113529874119,5.112677069987201,-7.040716785854437,1.6451837575318824,-5.65470799488062,-8.620989106060842,-2.571503311093875,0.38259272005576506,-0.6476084780089735
-126.0,2.958534782053023,-10.212015837306982,-13.170550619360025,3.675899930763292,8.014693327087256,-11.721060401169048,-3.3691773918293184,-2.314254463628648,-3.438224198698634,-5.242272324998993,-6.613135155436442,-7.347089789103555
-125.0,-0.9185184843312131,-0.052882991379530786,0.865635492951693,0.4569127933690047,-0.8531974851233901,0.3699434662643668,1.4198715326087394,4.022116716692153,2.720329235908934,-1.4825265264612006,-1.9640642436157854,-1.7654384927979132
-124.0,-7.101384190978477,1.6906053987183454,8.791989589696854,2.673284628397271,-7.976940373541017,5.277735570080876,3.448858619110607,2.3577981335519116,3.7907834889951175,2.986039265444509,-1.274013567647846,6.425679548668253
-123.0,-3.810070258240412,5.397835526146225,9.20790578438665,-0.7543784009186283,-6.532155253465938,7.256846485081448,-4.032671112833659,-1.3245316892217307,2.64559420164474,1.1514250174349263,2.9820720796054707,-1.0014609012218005
-122.0,5.3340524863059535,4.332417900321357,-1.0016345859845748,-4.882338731197769,3.1482597539401684,1.6976816692017986,-1.3029762541683565,-2.2340953695863237,-1.580136363104273,3.0516790376518634,4.541325793394923,2.185824078210133
-121.0,-4.626382922171321,1.1638019679738543,5.790184890145184,1.7501963870902073,-5.14882899367711,3.512419238978958,1.631873514265461,-2.8288631198380636,-3.588769301621505,-1.9324910918717635,-2.5461730774183753,3.0324641951006726
-120.0,5.99560397685607,3.147786116615999,-2.847817860240056,-4.5622502978954635,4.400291434789386,0.1124853940866608,-0.8060483982294625,2.0564164884136487,0.23131567854413637,-0.6701066533753107,2.197073442629396,4.439242363894889
-119.0,8.3213294540908,-3.756305722083006,-12.077635176173786,-2.2793553759687755,10.253218517784923,-7.869171543995373,-1.8407632723157392,-0.09704600033932076,-1.6967068079104413,-1.2733440864647028,-4.8430323179144175,-8.222038091958606
-118.0,0.5591045998738222,-6.91324623039864,-7.472350830272445,3.178174669655821,3.98633605884223,-7.218910699929089,-2.3954968141833275,4.042228582356756,4.055384494251042,1.166048092182211,6.06432459160904,-11.640680769183948
-117.0,-0.989947897969034,-3.4305345489445993,-2.4405866509755594,2.2134628166081862,0.691291399175452,-2.960488904814195,1.5161584111594986,5.435917854133326,2.3914175404417146,1.3594391065373075,-3.151475838180774,5.928917764689093
-116.0,-5.186973843726266,1.4480518144374894,6.63502565816373,1.87786734426941,-5.949294815715561,4.013541796301876,0.7726503192843637,-1.2475444286989632,-1.9244866886274665,-0.8190963893440142,-3.4239095335154994,3.3586326838838083
-115.0,-1.7807940140085234,7.926911711554734,9.70770572556321,-3.0580874759058836,-5.706922108007568,8.861849629604649,2.2026501032495136,-5.14516150973264,-1.0621588394141321,-0.7436551611825774,1.6697521309140142,4.4275239846228445
-114.0,-7.272634176353812,1.8858295992384808,9.158463775592246,2.635960251757129,-8.179641911899372,5.4810422056568155,3.677815334359318,-6.826750121086142,-2.7981561039593927,-1.45080720019024,-0.14898758880969643,1.5086761419959323
-113.0,2.8953609536331193,-4.306581264343771,-7.201942217976916,0.7320893999134788,5.084732102755888,-5.721315306400407,1.9324880871314298,1.8949470871937235,2.759964418828399,-0.2751201070917635,0.7750154300120098,-3.6657328752978326
-112.0,-0.4982295227153517,-9.252335507662625,-8.75410598494726,4.826977449830453,4.086108498705527,-8.970590131945176,-3.556415687282849,-2.4818622836663855,-5.512380170900113,-3.2678462579527388,-4.117217694390946,-1.6608707411033785
-111.0,2.283293703068476,9.012135564266327,6.728841861197899,-5.613950021964252,-2.2644197054102815,7.829094567867733,-1.3618655993212352,3.772473264359822,2.6831660404692776,3.48458695137906,2.3253701159580755,-1.950185334015654
-110.0,2.029652286557918,0.4397498126312649,-1.5899024739266054,-1.1977650696402313,1.8454238672047296,-0.5290658445828923,-1.369815733706822,4.423532180808195,1.9866909595059496,3.3016931226900725,3.577148487768752,4.778752530012996
-109.0,2.357851625486633,-0.4256399338235395,-2.7834915593101535,-0.9262959125087757,2.524360627686912,-1.627176019818879,-3.823427047212216,2.2401072625147513,3.222889753696034,0.45205057857376696,1.6194693193091878,-1.8161942848469672
-108.0,-0.4756716868275521,1.3897501407630741,1.8654218275906018,-0.4942435713335248,-1.1422678603666654,1.6136865003687109,1.5913479601625051,2.156401263824366,1.6665515393018928,3.127989670724217,1.8252448948185718,1.436983983365218
-107.0,-2.474541292051169,1.9755443819607916,4.4500856740119,0.2119692206203575,-3.437899640644689,3.203898798394849,1.0781249052547681,-3.8287040108641337,-0.5616023429439806,-2.4285250884285974,-1.8639845733470464,0.5468619598149159
-106.0,10.15957849108106,3.2650024740050743,-6.894576017076048,-6.752341461724756,8.549007009271946,-1.8234314390387198,-1.19878319288215,-3.7340670538711915,-3.3398953445951367,0.7379788385371784,1.5034246136295635,2.3122999903824493
-105.0,-6.978579554562257,-6.887732140422645,0.09084741413957653,6.968262885434592,-3.592124476445566,-3.4110036295862085,5.817814558483341,0.28169294010508317,-3.6420668704251664,-6.396345406246932,-5.660543250819188,-3.9472016437202653
-104.0,-1.6676367468147357,-4.377033175822649,-2.7093964290079295,3.0548584501786733,0.5434172117044489,-3.4834995566420544,3.0308314594256216,-2.552840043627857,-2.639449353069522,-5.894855682633148,-8.159714082713405,-3.1110612618737603
-103.0,3.4840311476440857,1.3880542519811976,-2.0959768956628606,-2.481772813080407,2.815044284058352,-0.38003460119170335,-7.915016674800913,1.3631546224985605,2.217159289399176,0.9357882804380404,1.877228471157764,-2.732999565774142
-102.0,-6.730065971557998,-1.4813538719567823,5.248712099601248,4.143280028416173,-6.039844800006028,1.851607690318253,-5.014990735948848,0.18679339945147722,4.847453133159058,8.046308449106563,5.639974793108262,1.352468718001834
-101.0,-5.741983271517914,0.8280501626479637,6.570033434165914,2.502338080383661,-6.124107066714803,3.7415009741408354,3.826286012601853,2.9724152698690256,1.917826554104042,5.022942423423703,5.704429193589238,1.6468861057485722
-100.0,1.5544002965430648,2.1765931455103185,0.6221928489672841,-1.8903264258536725,0.42302161413570794,1.4391893969321599,6.299581869078833,1.420719060184682,-0.013178234627025054,-1.0981341696465488,-1.2064798474220062,4.042913659488194
-99.0,5.388963794738844,-0.705960330825885,-6.094924125564719,-2.3603668803177706,5.781412915895421,-3.4413643410064476,4.932465289610393,0.3409740318916983,0.04505784912041849,-1.6962154729231345,-0.48960736353128687,1.2449314861236713
-98.0,8.76726807541108,4.906047126720067,-3.861220948691026,-6.854945674583236,6.357285238472409,0.4793528307542765,-2.013302648286368,-0.7967368231010727,-6.062064746390922,-3.3886477126696475,-1.919649888100475,-1.4023662536857593
-97.0,-1.8000692142055659,6.051270542059231,7.851339756264772,-2.149725365968321,-4.858542845251013,6.984474626159254,-5.20698436334367,-3.09406078109633,-0.7645709422723082,-0.03227461500590989,3.285453012171685,3.70041117628505
-96.0,-7.170660566204459,-0.6902214189874374,6.48043914721702,3.9741429386088214,-6.856706974215612,2.8473238782330723,-5.098249528311184,-3.277364771634242,-1.3894743911740894,-2.835042253477088,-2.5593452060696458,-2.7150232798167275
-95.0,1.5668452933760482,-4.9585167349113775,-6.52536202828738,1.6481169209302355,4.015246213954676,-5.7116035106262455,-3.391237310666781,2.2489117662005094,3.5665619181525487,1.2990872955984554,-4.662623549321387,0.9099761673863993
-94.0,3.6389448611748993,-4.104432200509349,-7.743377061684182,0.25359366562860686,5.7382155254282745,-5.891588162870914,-1.6281767664780802,4.960332390213783,5.02964815118437,3.47372214331634,3.1336369730957867,-3.0478316128245813
-93.0,-2.012890581613301,-6.777693394940553,-4.764802813327204,4.412100161124884,1.4215388743774153,-5.734287796269934,8.690747442842374,0.8881768984585081,0.3455105519175188,2.0656514748992905,-1.2596000464561339,-5.932726966083079
-92.0,-8.313268111989874,-3.6430970452364257,4.6701710667534035,5.99881374456698,-6.526533044063607,0.47788532796580663,4.211565831418928,-0.7174109708953704,-0.9065005068649283,0.33877734020778494,2.0480435436316946,1.6320530030354419
-91.0,0.43369209259168295,4.139787030208516,3.706094937616736,-2.2553046691771477,-1.672562232415681,3.8929725488557487,2.2036068132791264,-3.6512196345746717,-2.347160785760249,-4.731319266135608,-0.9235877509260315,-0.09123111147757945
-90.0,8.486573378339573,7.3935690442939945,-1.0930043340456752,-7.972814548652978,4.8309049327800455,3.1236574362695877,-1.4703398480014465,-3.1244594177204674,-4.757332815928956,-4.321603723436103,-2.7191342675252104,0.6098655843710823
-89.0,1.8143165016546932,3.769641490272642,1.9553249886179302,-2.8107466923547406,-0.10892276865196582,2.9145166434022167,0.31711212169793135,-1.1876637824888092,0.6476052957841931,1.4478601836452913,-0.5790138514412795,4.532911072891225
-88.0,2.0724695000274194,8.148769197098947,6.07629969707158,-5.119931518393144,-1.9616231393639307,7.082242344506456,-5.481819921731708,4.391661123862067,1.5372588636028413,6.299883094046412,7.849094080608699,3.4814973561136093
-87.0,-1.5337740198328276,-2.6896893845901158,-1.1559153647571865,2.1052087148601375,-0.22652559108636894,-1.8805932294395746,-7.421280326974411,3.0028734171701554,2.527113124957812,2.6069292763675005,3.504047468137427,1.057204325224157
-86.0,-6.882856238419515,-9.829133898385091,-2.9462776599654816,8.345786937825544,-1.9254936236451343,-6.431877861457203,4.31065151643533,0.21729510021173204,0.03581054300737074,-3.536822051429609,-5.6939418622435305,-3.0656565085974328
-85.0,-1.2594611231636192,-3.8005935957957178,-2.5411324726320696,2.5118094069118957,0.6068210534962237,-3.143872537659173,4.536695955394862,-0.8413909075317794,0.3082196838956446,-2.061942833454898,-2.337297007204785,-1.1397370774243352
-84.0,2.399053802997631,-1.8561201114878236,-4.255173914485457,-0.22026354206775878,3.37333486177064,-3.0348640063726555,-0.37386081665546333,0.08142773059866637,0.3192757239403963,-0.26897250674412776,-1.7023341171536064,-0.38055775446842466
-83.0,-2.667770565948552,-0.5314682186525315,2.1363023472959735,1.6427282517384845,-2.4342828846927054,0.7407397676385159,3.107324775075903,-1.8640010667818887,-2.282684628820018,-0.8496066312919562,-1.3443970293435208,-3.0191233914625752
-82.0,1.4377552326518874,5.567574627818766,4.1298193951667646,-3.543967353453493,-1.3795924655628333,4.865347789326692,-1.7624865033199146,-0.5694769641630031,1.7561335308463852,1.164704464491587,1.4861052406130937,-2.9915137350993293
-81.0,5.602420321606565,1.1846450275995597,-4.417775294007132,-3.3595553802944402,5.052583494184559,-1.5967435383128108,-2.818566973265948,-0.5722494658387193,-1.2717069753176955,1.573308680345704,2.8769344968070896,0.6888616998719221
-80.0,3.1589932458413115,5.585870906849053,2.426877661007678,-4.419489936807513,0.32647632168654583,4.032582728584422,-1.8253652800600255,1.44622743096515,1.0278786939907798,1.0283980618862039,0.3444011280322523,4.436244739244969
-79.0,-4.836348733057081,-2.3003880950248754,2.5359606380322,3.5193962994140406,-3.649880236847392,0.07371333726214102,3.017716758164921,-0.030946434800746214,1.0656469603529435,1.5782182168015262,0.2874150074880819,2.244153771333762
-78.0,-1.399083134979808,-1.1275715173808543,0.2715116175989849,1.2915597575217295,-0.8006103233821797,-0.38450176487993076,-0.8819935498629963,-2.406755405077988,-1.6068784953125124,-2.135506790358879,1.2204730589800281,0.5903883490258077
-77.0,-0.32483115942871676,-6.502960762913699,-6.178129603484945,3.4416939410722116,2.8827564193620194,-6.368351361732126,0.5840704072424454,0.3506283005748175,-4.872543239759251,-8.540647327494302,-5.311798546962071,-4.235737310044955
-76.0,-4.869357204612548,-4.013009324060425,0.8563478805521281,4.470513247925206,-2.9048460858869474,-1.6015878986896954,5.860257045437924,0.39462311154602003,1.7152251937035339,1.3687534496795748,0.22144709989498912,-1.46577155320377
-75.0,0.27199933834036827,4.79067735539957,4.518678017059191,-2.577006255250662,-2.0833762464348773,4.632371678845913,-1.2904572437862891,0.41532245412934354,1.531060678313458,3.5822432728758926,1.6932565091744616,5.973464049497331
-74.0,4.779947393605635,8.027798608798443,3.2478512151928323,-6.36551123247906,0.809779484404362,5.6915650550706,-9.98042571859206,2.1725669235252596,1.75731074105015,3.5018772405299607,1.7855032948097724,-1.299191489171994
-73.0,2.0548768152309815,4.903199564345375,2.8483227491144394,-3.5140811323251517,-0.42841583167902897,3.9234913979386103,-0.7217463738081644,2.030020472096265,4.282793010404749,7.446626792653504,2.1184581501702997,2.745212631337234
-72.0,2.236998951187407,-2.377134422992117,-4.6141333741794375,0.11752376945943133,3.395691858594787,-3.5354165278474063,5.436718979814707,2.972785812065374,1.5759193908928606,-1.3074747147045573,-1.1539038813851157,-3.3750869685735196
-71.0,4.5629341902036264,-3.952924276640686,-8.51585846684426,-0.3352884141214181,6.587813766422901,-6.284840498190169,2.4377336050944085,-2.2489360886177883,-3.702609545561964,-5.056079956632264,-2.8073953898748405,-2.8096523556983435
-70.0,2.3157636657145604,-9.885037043103965,-12.20080070881852,3.7525942431376493,7.225084544549,-11.025782519406674,-0.40885703849086985,-6.489761988623247,-6.095031989629317,-8.121400521219726,-1.0801924074569462,-3.5878115365400394
-69.0,-13.711156333087258,-4.424962331704155,9.286194001383098,9.032728339848928,-11.536512423095118,2.438102611081531,4.668384499509165,-3.9178057114891636,-1.4324069707809595,-1.0324291749588514,0.6452144838591317,-2.5656248006146485
-68.0,-11.318622646468755,2.4790787813979236,13.797701427866722,4.46040056005878,-12.522474019300764,8.139963662789276,-1.891392153088249,1.4141361727440254,3.327739587018267,2.3930701921153563,-0.3245354728532341,3.717662635602405
-67.0,-0.6280250736629505,9.432600935094973,10.060626008757975,-4.36215064948863,-5.3131678022511455,9.74770201740466,-5.7582652975117465,2.755279592467488,-0.480568473553882,3.078949447773446,1.2134656267484425,8.89218967649989
-66.0,8.373473132718871,5.108112192594081,-3.2653609401247463,-6.698294643294195,5.84763228202284,0.9278299641424876,-1.8965077326756075,5.762648779932379,2.79667078723309,2.6355624977356897,1.135929368346131,4.438023602798406
-65.0,15.777696080865372,1.459810816710431,-14.317885264154937,-8.650857314304776,14.996221940184675,-6.412615059011977,-2.69118360587374,1.8506449696710905,4.022906184424596,4.586663264741315,1.234810905850241,-2.7306752803539758
-64.0,3.2564376605270233,-4.073129361696433,-7.32956702222349,0.3800699261223537,5.242225826087195,-5.673121898288763,4.056140901143812,-3.1022084038688766,-0.874890672464349,1.0528608545583902,1.8248400150314668,-7.787127236503756
-63.0,-4.2968635281874015,-2.527349546778305,1.7695139814090668,3.3853758841800388,-3.0028216019626184,-0.4193360730957725,4.427657910915653,-2.460017881972788,-3.3311117928864253,-6.249511998995837,-1.6610911112571356,-2.5694687489045958
-62.0,-16.843245712815982,-8.515790329348945,8.327455383467012,12.65130229781953,-12.55131218227136,-0.12935230036495549,3.9039015094537,-2.299293697335484,-4.427883268991362,-7.596802380135529,-7.8769233749781025,-3.2561208202301666
-61.0,5.642385657581425,4.696065455451964,-0.9463202021295012,-5.122399177858518,3.3327564572241135,1.9170723623690071,-1.3933934556738299,1.989222732319865,2.5154242578820423,3.858907535885831,3.0983584397740302,5.148511233626017
-60.0,8.117316500482984,8.138964730247178,0.021648229764137383,-8.085373890739731,4.011656170099242,4.036102973310552,-8.304665084619042,-1.6553712431168606,2.058666940252954,2.851836076215244,3.922279913619888,3.851088517406664
-59.0,-4.612111180332964,0.5156848079306022,5.127795988263513,2.009816217978431,-4.903068083083337,2.8445782422658366,1.3393794312989984,3.3945448553558055,0.41079957812026824,2.516214233140505,-0.8629195777149081,0.4335824539925994
-58.0,-4.911454793559343,-6.888543617837316,-1.9770888242780522,5.862088009494071,-1.4988035068729904,-4.422321650341699,3.3398416187929696,0.21349276461176547,-1.7089140673330458,-2.41971698766435,-3.4501252110939777,-0.912436906051538
-57.0,2.4514330579381114,-3.5709586092003374,-6.02239166713845,0.6039850378820768,4.2841889123319925,-4.795600293301358,-1.0749309688804864,-1.3791783708209433,-1.248425524573948,-4.557022472821955,1.1407498725715381,-2.3183238895704847
-56.0,-1.3055438997091622,-0.7707889929598883,0.5347549067493067,1.0873347503941817,-0.8733369991525886,-0.12076001545396187,0.4411420513829346,1.4762508408033288,4.302979259085122,5.701292371811498,6.016556495813605,-1.2488881782663137
-55.0,1.7761613315842038,2.626989245684315,0.8508279141001671,-2.2269195028879483,0.43049462576830455,1.7390447915862688,1.8929738140873138,-1.1217483047969776,-1.5310785561096656,3.103639195539115,1.2245344425280604,1.465926207494548
-54.0,3.2417129202130797,5.780116426466734,2.5384035062536814,-4.535067717099047,0.32009797551444286,4.16824128880753,-4.067419692852591,-2.5050288044869586,-0.9707609755754434,-1.5532873135332612,-3.811937352022878,1.3332338001942574
-53.0,2.428709736131614,4.667094634658163,2.2383848985265584,-3.5752383904505862,0.06531905372636704,3.4742232714843455,-2.869295902638333,2.0058723049785234,0.7257952964665437,-2.4458342730319647,-5.517013568750933,-0.31637217690422975
-52.0,-0.6744006583160351,-3.048980800572969,-2.3745801422569848,1.8272180327260872,0.9015680283876547,-2.7560893155308115,1.753313279465474,-0.3278241444926897,-0.9008177821567437,-0.32313665214006804,1.3851415686000617,2.956546911807302
-51.0,-4.293789918602804,-0.4237394357064257,3.8700504828963167,2.3940404288825268,-4.027868626947167,1.7678846502874264,7.533318374786563,3.005739253463494,2.5163955785877503,-0.9569691405260878,3.6481382666935818,1.5578591204457106
-50.0,-6.205918913936621,-11.041459825608163,-4.835540911671563,8.6509149653459,-0.7087066213653461,-7.966958875326706,0.8654372881257548,-2.5411821768249006,-1.4865944630271961,-0.41233276622205656,-0.8689912249349203,-5.2585739091540935
-49.0,10.508402852024219,5.740666705591233,-4.767736146432947,-8.10216919932869,7.612937029105648,0.4585498032803845,-4.897656594338588,-2.523090903789689,-2.709979851737704,-0.007239264628773945,-1.514338732107475,-2.4741360561964463
-48.0,-7.0961342396855045,-5.958486503484094,1.1376477362015003,6.548712962034361,-4.1469979391733105,-2.4412487037453996,0.2640757614806981,1.7531405780681262,-1.6928438829241321,-1.0329944958984558,0.03835628119261589,-1.7590993018430812
-47.0,3.3551091186078286,4.535610405929962,1.1805012873221903,-4.0007082302077475,1.049773695875243,2.90237616169813,-0.5954008048362576,2.816318662327243,1.565901676324739,1.7326576681580894,2.4643571389116725,-0.10234241014510348
-46.0,1.3629040853167296,6.512907152488909,5.150003067172156,-3.911404517876412,-1.859929912699199,5.8742528620705645,-2.284243235599984,-0.38839429535374825,4.043392551970284,2.7177438276100996,0.1461561150891546,2.999995743707969
-45.0,-0.08984731793305645,1.3856108698322007,1.4754581877651618,-0.6976398822340326,-0.7541277599432852,1.39664144988257,-3.7391956963357065,-2.3492819119059947,1.4836083073580193,1.1995292387164311,-1.1298324017832826,2.775615334468677
-44.0,0.09482233959683493,-3.895015449038052,-3.989837788635021,1.930261212523384,2.0700561191842963,-3.8923622874347643,1.511392502944838,-0.7440759015764415,-0.9437635853399959,-0.6235097069055563,-1.6826144011427773,1.706784636809827
-43.0,-0.32944728108283616,-0.6171184373645124,-0.2876711562817438,0.42505726643674424,0.010335041443049642,-0.4748555422005938,7.239437086094247,1.3703053035911734,-2.639020866962215,-6.100491961551626,-0.6978435469621449,2.797274013299191
-42.0,-0.2788526246574028,-2.1492143971693984,-1.870361772511926,1.2453394286009418,0.754279777139595,-2.02779286525074,2.851370271479506,0.13480826722970557,-2.611700353036184,2.1005906252807613,2.0454344326851435,-1.2619433004501852
-41.0,-0.7985977728985609,1.552386745141909,2.3509845180406184,-0.3433289514480644,-1.6101816602647123,1.9342794096421962,-3.255035111928426,0.9721744016840169,2.973617730971203,3.6536117170916844,4.620799985482607,-7.1377183359526235
-40.0,-1.1114766178989146,-0.6761561085316425,0.43532050936743727,0.9311731955024489,-0.8046911288508775,-0.14144616255177084,-4.3312107290154005,-0.9343682717311068,0.5488605532100215,0.5065207093055955,-0.6157262040291909,-0.15719847391611452
-39.0,-8.906438095832376,0.2791795843432684,9.185617680175762,4.276373013765431,-8.997099468323004,4.705077863053874,-0.8728663035654312,0.3282688325536825,0.2876587833575561,0.25942103774403213,-3.9389886360342756,3.050100906908103
-38.0,5.059244201426804,0.7512788766365481,-4.307965324790218,-2.939924256185413,4.6534101832823955,-1.733191602967893,3.2600069103669007,4.7413492348202855,2.889613229855596,-2.5143996250345793,0.11738479673632485,4.749996555899082
-37.0,15.144825887539671,-2.0255010666521205,-17.170326954191843,-6.516087800339382,16.205452465473755,-9.556580893418554,0.6074033022995049,-9.049031837487759,-8.450339846943082,-8.285495265511283,-6.5445315013913365,-9.003561271062097
-36.0,0.5793411611644093,1.8532765583471171,1.2739353971826288,-1.255380629035752,-0.377786245350479,1.604552501554918,1.736461643439367,-0.5651348863182464,2.49346470945198,2.816986209072274,0.849834543619671,-2.918767993044017
-35.0,-9.92432047004448,-1.3196491032484685,8.604671366795957,5.577023105242398,-9.214274506165268,3.6068800136681007,-4.890463490243022,2.2074443608584167,-0.46209708091667023,3.29143912909658,2.082924608048921,4.385927237606438
-34.0,-6.176160829998803,0.2197481031277747,6.395908933126545,3.0067356445420375,-6.3115573114748145,3.274903723371449,0.17394653346250655,3.2096331367176747,1.7093836922011216,4.842813421902349,7.191050282566613,4.924226238870049
-33.0,4.058121934419197,3.5026138475048985,-0.5555080869142781,-3.753749559855021,2.2841041884004123,1.4419849055614526,0.08869480855325548,1.1834941299902337,2.6364621132841615,3.087932898437202,4.804505088852096,2.426277509518678
-32.0,-0.3394362295786571,0.73899109807379,1.078427327652518,-0.1702804793573104,-0.730368665994365,0.8764586463769585,1.824798818489832,0.4674170566078055,3.229140855349482,0.03179964375833211,0.8701065152156398,0.7595779670091583
-31.0,0.09523887421206689,-5.220310290580683,-5.315549164792687,2.5989772565903833,2.761545235522158,-5.223474292439653,-1.2596060905336501,-0.4901756643030575,-2.1735867671063973,-5.906094561552718,-9.400335274710573,-2.1561030143140254
-30.0,2.0507276617793937,-0.8315083423913285,-2.8822360041706583,-0.643658321836317,2.4401008595789753,-1.814488342923069,-1.7982548701538676,-1.0028180650678111,-1.7633758833528272,-2.0456582217592256,-6.6468952488750705,-4.256531016373846
-29.0,4.2222454170842605,3.8568133817774126,-0.36543203530686785,-4.067602452467264,2.2615628224970004,1.7869616476226433,5.769787497535036,-1.3118924823389475,-4.069558924790701,-2.6665739535572714,-2.613037063922498,-1.8152185748687222
-28.0,-1.153425596641461,1.53015607439117,2.6835816710325644,-0.2155574336267927,-1.8790456133212858,2.069327505539531,2.6833192419821748,-1.8242887675237256,-0.973069198940991,0.23466025482777098,5.873682343180529,-5.544025394421678
-27.0,-9.358912668196583,-5.624761831422789,3.73415083677369,7.459651934532244,-6.51401393203712,-0.9824171053784067,-0.9667483472505571,0.584514512492446,2.2659689898375,2.104024348111243,4.627621525276195,3.969397926498109
-26.0,-2.7081532849926098,-1.8521608531596747,0.8559924318328993,2.317327937627671,-1.8340000397426863,-0.5347563870603318,-5.432573863078848,-0.8252849001328147,2.095784684688619,1.7591243918433492,3.1459481645342993,6.992313265333419
-25.0,4.684471366749619,5.748165203292268,1.0636938365427273,-5.190060313757172,1.8337860121105374,3.4485971253985737,0.4779384369927815,3.0871383934029115,2.10266227910865,5.640362786413304,0.8900926384208079,3.0775044502815163
-24.0,5.09417087192883,1.6680513444820975,-3.426119527446642,-3.3643719436060104,4.20444213240862,-0.9137059146525661,-5.329973042640333,-2.320353176344544,-2.342863070452365,-3.472641296778581,-4.238100879162481,1.6855402043267431
-23.0,5.645800949537902,1.1967255434752317,-4.449075406062571,-3.410852530620987,5.073602795127975,-1.5793324043543373,1.1744773363669223,0.6187399341200523,0.9270816569695258,0.17003388386575513,0.6010288828376238,-6.9023643263239505
-22.0,3.691632919269689,-0.4013853527598437,-4.0930182720294646,-1.6375558303078113,3.924698459063883,-2.1965877990188294,4.8305640326125285,1.9267024965806587,-1.3079924276350097,-3.5909485399806296,-3.235532207033535,-3.701195042650406
-21.0,-5.464755807489114,-2.1054693327936302,3.3592864746955304,3.713788565966487,-4.371788841770571,0.6020830810820672,-0.2541107303107748,2.0553165552997306,1.2278468440695143,2.6510961308876944,1.4181875190454671,1.5107950526889726
-20.0,-14.837926884885794,-5.211763465229017,9.626163419656791,10.033779642961198,-12.263417890716312,2.1831676830442346,4.821707489911956,-3.0393001345398165,-1.8800736301645824,0.3083392051870099,0.8859537902993099,1.474854403118479
-19.0,1.4081068827446446,-2.1010181989106766,-3.5091250816554114,0.35788494560553463,2.4311024943730413,-2.832401228589739,-3.3515503150297885,1.3719018687187483,1.6368922630679048,-2.1018031182198356,-3.3301572702714655,-2.121171255169763
-18.0,7.637034895809585,-1.8254307482456136,-9.462465644055321,-2.8910127015947267,8.521070555803185,-5.678778917035805,-4.891339776125418,0.1398281566879206,0.3079019243040265,-0.4290848223625269,-0.9200770791635915,-1.154899842038665
-17.0,15.921512584698881,9.233311109511932,-6.688201475187091,-12.558253286282092,11.34863535086183,1.3063877982053145,1.63458959089651,3.242388447027534,-0.11774098978567005,-2.3500145084656943,2.9812117285189452,-0.8261850165462874
-16.0,-5.821819741482157,8.853889503978605,14.675709245460698,-1.5702553457481567,-10.293466518069398,11.788707348988153,1.1362819620971203,-4.443334668355224,-0.32490788458438047,3.8299972783111977,2.2327546823487308,5.610932603325816
-15.0,-17.503850989020922,-2.133715766278539,15.370135222742517,9.849228213330097,-16.413210731064925,6.635109515727395,0.9671275547127494,-8.075357861459096,-4.99485223181329,-1.1255151110527728,-1.863776701764722,6.09516753954615
-14.0,-1.3289056229494216,-9.654018479956754,-8.325112857006983,5.527383459162491,3.5141833713135764,-8.975006038297328,5.1981496216693595,3.2620775587529693,0.1965740810936656,-1.96169439186407,0.36680633897217774,-4.020302468777011
-13.0,-2.885888875957975,-11.68429080999008,-8.798401934031705,7.2459761742131,2.9694430296482413,-10.302912048706869,2.6622412539641775,2.669365736092087,0.1633937515656586,-2.731259099747296,-1.9489990939720974,-6.777443069662334
-12.0,5.329323537153748,2.1190765851656854,-3.210246951987867,-3.6838172812182055,4.285610364921906,-0.521799571296353,-5.876163881895856,-0.539924842581339,1.6552407219629701,4.667886812601556,0.5407144016708632,2.2005771486668024
-11.0,6.164530690779186,12.601546867937735,6.437016177158471,-9.424102685633658,-0.19187711155656473,9.551908665272942,-6.058554612539593,-2.7711929978338428,1.0673157992775768,4.97129484107775,1.098275159275987,3.730377122052484
-10.0,6.720545450707725,10.91074910886377,4.190203658155748,-8.862105662580761,1.298194456494024,7.513564855048892,-1.7582473593131627,8.060101044758369,9.720100946531113,4.689020575746889,7.145809282150784,3.2142998168005037
-9.0,4.510661777219751,-1.9073037974516218,-6.41796557467195,-1.2755023664379048,5.428616173591799,-4.191460570883644,-1.1212111642468863,3.281290964401137,0.9342915791533959,0.1460927252863557,2.275765155164546,-1.8718267392629235
-8.0,-2.0223323165106306,-1.2181371137856285,0.804195202724456,1.64216435326457,-1.3623666231225422,-0.15091116237085966,-2.540203669105561,-1.8187253004007602,-4.656387813320974,-3.700287808156708,-0.28119963359844347,-6.338967066514217
-7.0,2.960375764662741,-6.325513585899234,-9.285889350562133,1.7042897624875457,6.099310960209824,-7.824331416088045,1.2219104238709946,-4.4316305852251965,-7.923015268665415,-11.026701911937407,-16.134262381215297,-2.06078653464957
-6.0,2.0647720720452183,-12.66978245338077,-14.734554525425533,5.328892857656189,8.375423300106712,-13.718440314602084,10.9824273258745,5.163192381531889,-0.743710176057772,-6.187557073761109,-8.609721248787228,-5.441808893492518
-5.0,-14.059005329889443,-11.00711837390314,3.0518869559867148,12.489425491689943,-8.505296967174381,-3.992675611632693,13.639803356950365,15.253789596942756,10.096775850433113,5.256949599533227,1.0770491431903926,-1.6154712238239846
-4.0,-17.92818136826221,5.650043213228891,23.57822458149106,6.1061273229292405,-20.788519719015664,14.67830720884561,5.071899830012709,2.637891244398083,9.555069633832426,13.678759855225994,11.88478440966345,6.467324433345992
-3.0,8.117362260373515,16.31755490491992,8.200192644546098,-12.161550899680543,-0.08347576038032312,12.244124048651832,-21.55477259061289,-24.056826099569925,-7.902970848748726,6.101832120687424,10.907055051948538,11.476556768857339
-2.0,-0.8838977887724644,18.95257390792293,19.836471696695604,-9.049883692793209,-10.327836965455875,19.378706158936378,-12.566934476737408,-27.811022730047952,-12.008305369340594,1.342303218966518,14.021448187333448,12.046729537603634
-1.0,13.18705187652371,13.901708659183111,0.7146567826603429,-13.556670558583166,6.268310202526114,7.290140752483862,-9.030460853076574,-10.919502535398847,-7.859032541044661,1.1737517981688033,7.456794180785358,7.606993834761834
0.0,-3.3517974155043877,-27.100980696345793,-23.74918328084036,15.21334675538866,10.234944136659959,-25.446467916981085,11.489852297088524,-1.643258643926644,-24.245073713232877,-37.393833985749524,-28.255344410418196,-19.908635111238176
1.0,-12.000456421179182,-26.92586107236924,-14.925404651189968,19.446597302190703,1.4271273977341945,-20.872268201854652,19.29553772307428,6.3290277367202785,-18.89114071710537,-28.951927692862526,-23.83684942121249,-13.552149360736262
2.0,-12.310354524091721,-3.6549087838032914,8.655445740287876,8.04052443590896,-10.51055646053062,2.470946203038043,9.115295544028086,29.922707136312038,24.26407649401917,11.546866831943943,-3.7049035329200635,-0.5121362061915278
3.0,22.909544862076572,11.373550260804725,-11.53599460127296,-17.165449112709226,17.20071891069403,-0.03498548364790266,-9.018802067813597,49.32090863287486,53.90674376068345,38.27448263642494,12.229327609040489,0.5422672749814929
4.0,35.94887976726104,-0.04737025938967321,-35.99625002665131,-17.97507811825251,36.03094002157889,-18.056300071578036,-6.006279840432598,38.16532414835844,48.597826670115346,26.817469858908403,-0.23913141258794646,-18.063243290672382
5.0,25.74292530305308,-5.8176221461533615,-31.560547449206844,-9.905728086311045,28.62856255604013,-18.724078535549026,1.456663246114692,11.225009214901203,15.75636751376339,15.866704516923349,-3.502833816397712,-13.900376796459442
6.0,-8.463073369548855,20.12216948237367,28.585242851922494,-5.846752956163382,-18.553800137997506,24.398551370029168,-9.304051513810007,-49.2834155587904,-39.29244651811322,-6.915274999654831,18.47419518636995,20.276713808454566
7.0,-28.773654943444846,19.737689073502796,48.511344016948016,4.506021262922245,-38.601687640864625,34.09325618489271,-21.455006350427972,-70.43366131301698,-62.98074758112436,-16.894512842592114,26.267973628742777,33.487930099582194
8.0,-59.49134011938394,28.09420156523326,87.58554168461752,15.690901317591653,-73.5842037507293,57.891242119683675,-6.253631475483578,-68.9210185276199,-41.062268992841496,-5.041283181850428,31.58669400926724,41.875817338352036
9.0,-45.66627537820983,2.576768044466351,48.24304342267642,21.539428158444434,-46.92699346431851,25.386951185594302,19.77406793801173,-20.013580786825244,-7.929388820318703,-10.771281921449452,-2.1461031688149053,11.790517113971372
10.0,9.54919866797139,-57.88502458368916,-67.43422325166046,24.162886254493248,38.517651292622105,-62.67859900130911,40.18409702259615,51.16565429213212,11.786436421409803,-38.56244150655808,-58.027289724174494,-48.29374768345709
11.0,30.54045795116094,-45.53671616132931,-76.07717411249047,7.492053961969669,53.336429017874295,-60.82344212722424,22.528868095673857,59.84540924217842,25.624764187357762,-18.6758464728994,-48.560925533459766,-43.755406184367935
12.0,42.16264164515527,3.238053237551071,-38.92458840760446,-22.70785965220528,40.496234178860476,-17.780898148520606,-15.436600891811842,44.85211210284295,40.6945171552792,24.931617925346146,2.7084047351642546,-14.148115208701796
13.0,71.74027483229276,30.875554273711465,-40.864720558581325,-51.2379534753107,56.25916111342602,-5.013664563016112,-48.28251780749459,35.91380566630746,27.36412293187871,35.884139912694714,22.951820772183506,1.8189418696237762
14.0,29.909503845884323,26.13994765152453,-3.7695561943597737,-28.03492649877645,16.87775924668035,11.160709243076298,-25.641632418867296,3.5872277723040726,10.056687340984135,24.102123161027027,21.409748907500372,11.193026140789836
15.0,-45.46440123421212,6.72280554894979,52.187206783161756,19.35803078484528,-48.786723480885755,29.423187711806545,10.095214334641511,-40.75411096012919,-25.965205315347365,-8.069125700441731,8.081005309849008,16.42316733319414
16.0,-40.87899764002383,4.196748851945369,45.075746491968964,18.32358258966039,-43.018004622368245,24.675265063000353,6.1246984740944175,-38.5659084557959,-18.57034688385854,-7.425326580966108,6.964247840908467,16.28847050279339
17.0,-30.041055910187744,-3.2911321933258506,26.749923716861787,16.641358433615128,-28.438066977700196,11.76146530937957,10.009587883178359,-32.81480176664657,-20.845202677117165,-8.406469751100369,5.952395860840322,14.999823240610901
18.0,-28.80280722377001,-15.547481966503327,13.255325257266897,22.141928598042256,-20.99471888917694,-1.1974853575608506,28.299765059826555,-12.768556806001364,-9.07716213324483,-8.033843890680497,-1.7953074490881673,3.4128947289259868
19.0,-14.394646638186595,-22.32369952400304,-7.929052885815897,18.397153906197417,-3.1993352700651507,-15.100956375494519,23.360305315745535,3.667238486545402,3.9059946760201942,-9.484535079587035,-12.780396895639264,-12.731985860919533
20.0,13.477095351264087,-1.5793812845667023,-15.056476635829917,-5.915160304329179,14.300376900549843,-8.29182393580679,-9.175822221173927,21.856893780754014,9.360074487837874,-1.6054246085510027,-9.233964236900006,-17.37376372972067
21.0,26.052618827239392,15.548877466037894,-10.50374136120059,-20.76672626308747,18.233429213879102,2.4724092505267095,-14.653329442600933,18.174620255532464,12.467632763384787,13.304519213203356,3.773579656217409,-1.5908114204179178
22.0,32.55059064897424,21.614104942492165,-10.936485706481577,-27.12246931028751,21.698372195713386,5.370596880443985,-21.423597265150004,10.969739837300839,6.446232142000639,7.25899348425672,6.0232703245670605,0.37743696864423804
23.0,22.175612925878944,6.115165708411073,-16.060447217468226,-14.178483924650127,19.1495931736887,-5.0167278555893695,-14.221517682237026,6.487512341283285,-4.2482822577992945,-3.634390646389596,-3.4865526442135177,-2.1850300664679128
24.0,4.053348304822212,-7.458408692874345,-11.511756997697823,1.7550254804957746,7.810518109526596,-9.448606191455127,-0.3633582906340731,-3.4208768962845735,-12.010979739909601,-8.810346629374298,-11.535867348259481,4.282141568254993
25.0,-19.317652716264657,-8.587809363774266,10.729843352488672,13.930785534698455,-15.078809105397195,1.107877094990771,9.029555660649212,-4.681603596579623,1.5241726857656674,-1.0226015677884845,3.089085838939491,9.06023324852351
26.0,-20.033338713114148,-6.916109927023764,13.117228786089388,13.453313403456226,-16.555116817186097,3.0576513079979604,4.535623154106503,-2.6353585789803997,12.043948671969304,12.051779784804387,13.508239596770714,1.9547974043972376
27.0,-10.390478276040511,-5.836669490077787,4.5538087859630245,8.089190518153455,-7.453321806010393,-0.6863110790120928,7.063617288339168,-3.483948331195524,7.01388876822824,2.205949850499165,2.84000139531207,-5.594348455712079
28.0,-9.666340334043483,-7.843799359530513,1.8225409745140926,8.804593485879064,-5.723933470729277,-2.9788851556925238,12.471759797282044,-8.967427287333063,-4.590391957216082,-4.08514104942147,-7.05399953404506,-8.418941145431244
29.0,7.2476169880604555,-5.656921652439284,-12.904538640498501,-0.8289441233085997,10.022477429929149,-9.250368008269179,3.1079613018710743,-3.7542348077392163,-13.608526737413026,-10.772148259814992,-10.905564827684966,-9.622097993445268
30.0,17.77230323589394,12.267099180257143,-5.505204055635968,-14.976321187675696,11.670480455402451,3.41129223609972,-5.990092267641747,6.026173443986704,-6.970833284648736,-4.608919702124652,-1.1746727815590727,4.9965030002082065
31.0,3.41612749500338,16.879115699830557,13.46298820482731,-10.181078989151,-4.984841520669289,15.1241281446247,-11.161313993550452,3.5752244856684845,-1.7810424687156434,3.2033470303570466,9.377981602630282,15.058491267277184
32.0,-4.560815421328367,9.214604907390187,13.77542032871806,-2.2763342515405762,-9.202843453644197,11.450808919802123,-3.296936263597215,4.788648920627384,7.587953321190515,8.318610786930368,9.230896557872676,8.880402774206047
33.0,5.013039098189488,-0.47956574234959426,-5.492604840539864,-2.2878731476776726,5.220977032977754,-2.9479942228080835,-0.9510601278267892,3.6166971133939563,11.624022929570081,7.347697419408268,1.2633065886546362,0.8407555563522267
34.0,-3.7807869319677243,-8.61420463339141,-4.8334177014243,6.18306630526278,0.4946967045178483,-6.681778911514749,3.1326553349338115,-4.8518995240380836,3.856832533625374,-0.8136287000662246,-3.6794875977378902,-8.366504402269932
35.0,-15.518193871560342,-9.37001170174248,6.148182169817554,12.434244624837467,-10.787596650636337,-1.643749635764614,0.42707406483783217,-6.4036554702835335,-2.0288558221013115,-1.5725369944792436,-2.2358102764083894,-6.730517125163006
36.0,-4.3155115654287695,-8.270243719190661,-3.954732153761813,6.284738685307236,-0.1367931744203793,-6.141996106556215,0.9120382957223669,-2.437424470163073,-4.395942430019576,1.1830025224244798,-3.2417044656921616,-5.3279580125891535
37.0,9.028242640826747,1.6392722907723076,-7.388970350054186,-5.342453988495427,8.171996931904223,-2.8233014510692787,2.5593942547966426,1.7149775529935671,-4.503521944737714,-5.589030690635157,-4.389467536673989,-3.3803066944738145
38.0,15.154105183399077,5.68038741975716,-9.473717763641645,-10.427315260233986,12.35537745563466,-1.922898924095858,1.1741311102634824,7.280946790523529,-4.349644820758944,-8.423389341408653,-2.8771931916818567,2.328034026748246
39.0,3.351213823639246,1.646050546728456,-1.7051632769106617,-2.4306277833690233,2.490614210263862,-0.05625883510113072,3.4962925624582284,3.6683434068878666,3.293955640479695,1.252817980480545,3.814626130209808,7.926371171712814
40.0,-8.570597996835637,3.7979332196107674,12.36853121644642,2.3763196712267067,-10.507591538559257,8.13347959532062,-3.814512303258044,-5.314709725924789,0.1170349908769105,3.8506538068033773,6.0835178973171455,7.916580126493059
41.0,-11.125471851479233,2.1070059818036575,13.232477833282841,4.500878430027377,-12.139084508276126,7.6383593512096795,-1.7570733018098927,-5.093318279087695,1.6902697544097744,4.679191285822395,0.966629240777154,-0.7517976166339437
42.0,2.3683087562329943,-0.3075551306610973,-2.6758638868941187,-1.0375745492232116,2.4822525440850924,-1.447953935778787,1.036969610037918,0.8961839715756268,3.8588107660961017,1.3515780081620195,-1.5462880519934572,-5.947862817161134
43.0,4.950026801800792,-2.24406689556493,-7.194093697365683,-1.3611434135696199,6.110277197349982,-4.757961162869467,-0.9710185311285628,2.9131478524597005,1.4010168035770856,1.2508382590839204,1.4004884626961527,-0.8558904520370372
44.0,1.20164411381322,-2.7424304861029807,-3.9440745999160645,0.7581556433027842,2.610798230341553,-3.385697005130713,-9.03840178028314,1.9570004124198188,-5.111291764112933,-5.226411603437139,-4.102998226744122,-0.469632886642408
45.0,5.300828794466089,-5.758335862425056,-11.059164656890974,0.2094914806865594,8.138952271311354,-8.375041239174333,5.1841789915460215,4.288891268764239,-3.705484520408094,-4.935874594362895,-3.3871538752146515,-4.599548765603706
46.0,-3.743109911578386,-2.6156358980709284,1.1274740135075887,3.230174825118034,-2.39849871546462,-0.7115947681623074,3.4406876184643598,-7.32847981943346,-1.3471747984552658,-0.39961552094068864,0.8985866780491631,-3.8767235482102165
47.0,-3.963192529160872,2.516792449822898,6.4799849789837545,0.6868472608856566,-5.265673251159648,4.530889400948502,3.8568902624955266,-1.72198701469026,-0.17479812495610195,3.528709338562731,2.49549434225467,3.5055174943376333
48.0,-1.6196765036096146,4.1764814704129956,5.796157974022375,-1.2422292389723477,-3.7551551731686734,4.940625640420623,4.115343549402764,0.5983262009908104,3.6784262015216713,1.923276319761229,-3.486289384597656,4.988171125115788
49.0,-1.657933198075234,5.566482116361021,7.224415314435971,-1.9996803796741591,-4.412800855385487,6.349982491563307,-1.3692615310958396,-0.24823219378571096,7.097595407106585,3.4146875845650833,3.299122915590157,2.8738663565481626
50.0,-1.2850368411715811,5.505390497113404,6.790427338284742,-2.076137023918757,-4.011060330284616,6.180605071461329,-8.079324574421948,2.738103303599649,4.915886616771904,3.4692666625940807,6.3712478536078025,0.9642150753053682
51.0,7.0443838562090235,-0.17798870876703654,-7.222372564976167,-3.3959482994770496,7.160775852154856,-3.6686646692465894,-4.349753740046943,1.937185907657566,-1.9611480351866417,-0.08630196377248761,0.11858462899658662,-1.998354336163856
52.0,3.9252526702610226,-2.617657728782087,-6.542910399043019,-0.6913972940960806,5.264586366688488,-4.628421991705158,-0.5302983278027185,0.5600193556874966,-8.626606529494898,-2.692576561440194,0.6587953437503897,2.903792799942971
53.0,1.2672422999578083,-3.9909164375602066,-5.258158737517782,1.3268560712675597,3.218915746690132,-4.593404641200549,4.3965968178883825,-0.9088316934761148,-4.369095768296837,-5.272131995878153,-2.205134303260521,0.2408839232770168
54.0,-6.6046606240491705,-9.74640509158475,-3.1417444675353163,8.219271311690488,-1.7707474681082251,-6.48881334575054,1.887514317125667,-4.358090689729752,-2.59470029454199,-3.6273439135515297,-6.962979108466406,-7.030231106845654
55.0,-7.820569742388855,-1.773354065654047,6.047215676735016,4.759041972414856,-6.969440707976209,2.176407778860365,5.632007484734896,-0.13328208117742846,2.1337195463019194,0.7534461902495693,-2.9131335773113127,-2.737691622044269
56.0,3.9036849875674333,2.303745108435085,-1.5999398791322545,-3.067660721078386,2.7980795641281375,0.39864484868837247,0.5724103491931394,2.286819423762427,5.483346114717595,1.330208213901353,0.6810330656499612,1.1405146244089641
57.0,6.563624694141866,3.244480855807226,-3.3191438383346936,-4.951476577532229,4.99061885803227,-0.06199220712787801,-3.3584246118995047,1.222465996547264,0.33948142478446375,-1.5577445584935243,-1.7228478183353322,-2.575705827047247
58.0,0.6735999103261494,6.7091871577521225,6.035587247425799,-3.6625649864033325,-2.7073000784717554,6.353111827558941,-3.0516816505931104,1.19721830426375,1.0924361342802564,5.608065727420687,4.454230566305254,4.218478966586574
59.0,0.5539501702413299,3.2990845629976784,2.745134392756111,-1.8962498930839726,-1.1188970100361755,3.004817397317619,-1.0676159382713397,-0.14748193548022526,1.0687492869466628,1.6385208644317646,6.598773725332892,6.548588723951047
60.0,-4.0842462921861555,0.07734820318338853,4.161594495369275,1.9609550427054192,-4.06592369749899,2.100688281222108,-2.4764322820818916,-2.1218863495115308,1.9167094756581209,2.2314999807791818,3.803140485377362,0.3744384516821002
61.0,-2.229324179070802,-8.971445608092708,-6.742121429022069,5.646432515456661,2.2332303501227613,-7.879114085204799,1.8950047561943397,-1.2882770963077659,-4.286939008069893,-2.4649298155381043,-3.3596188594772927,-6.622525833694035
62.0,2.7716447450388104,-0.8011985328284474,-3.5728432778672525,-1.0062517363704475,3.14368353112345,-2.1339539438516413,2.801529146143899,-2.0224399267641395,-3.236892768602522,-1.1379063513084042,-6.158074753269134,-2.3314049327308086
63.0,-2.946379042985529,0.6414688817419618,3.587847924727659,1.1424527385194332,-3.304880207822395,2.1665517640792378,1.8950425520854308,0.2835163072194723,2.69709446546375,-2.213232169702203,-1.1917078398715164,2.41504230944376
64.0,0.502270528702361,6.506860159704878,6.004589631002778,-3.5065867103333104,-2.7216795718300326,6.230667596740742,-2.450326861446777,3.218412305556077,1.0401104445024525,2.4476897170002125,3.883148808722776,5.567455427408918
65.0,1.8429786787060582,-0.5601497627317702,-2.403128441437591,-0.6401077274577799,2.141124849442307,-1.502552877733811,-1.0985937175945248,3.715299827667174,-3.8130921656947283,-2.8895926149408235,1.597058440104242,0.5687449321119546
66.0,6.978669919603138,4.025115709036126,-2.953554210566928,-5.50235559902819,4.975205174460381,0.5197964378356684,-2.288904774884307,0.8512508574674309,1.5043895905746347,1.3464649200409093,-0.7003717156637133,-3.194395452392562
67.0,-0.038849788626813986,-5.603880499365271,-5.565030710738608,2.8147580260290703,2.7670184885005136,-5.596412614363144,1.6802272698672938,-1.411197560460309,-0.4239834194057045,-5.8633255329703395,-9.131685599644214,-1.491794765758382
68.0,-6.0464070564695644,-7.138977721282264,-1.09257066481296,6.577132260576369,-2.4743332788218044,-4.1258272093955055,4.1690415741826445,-1.6293569117004243,4.336047888259879,5.144697838914606,3.2959429319800635,-2.0405656253703315
69.0,-6.93400104386866,-5.315276373556768,1.6187246703116998,6.177950026092738,-4.27244244900909,-1.780387378673129,4.6889354838994395,-3.8458022307279927,1.7957914153453935,1.802445871760189,2.691813271210731,-6.661126869856689
70.0,-0.5164513504610766,1.6633517054691405,2.1798030559302184,-0.6080287500190746,-1.341767510046659,1.9071077027719598,-2.0156650858848097,-3.914411997454196,-2.074568859272493,0.18460376872836637,1.498871168790965,2.0203946995990987
71.0,-0.1777730443737855,9.044025588644363,9.221798633018286,-4.396251675739142,-4.7697758286299745,9.112318818970921,-6.718436653650597,1.371068072598924,-3.0213601840555477,-1.1080017181830144,1.595473478726629,9.491327175483827
72.0,7.732031877063728,9.060601906644845,1.3285700295813,-8.443142347501366,3.212706813824325,5.166023700545935,-4.082263896988087,4.69939373646655,-2.2061421873532003,2.7875324671270585,0.6323940259389709,4.548414631431598
73.0,2.822083141278962,2.910167037763122,0.08808389648429316,-2.836713488151265,1.3807944464719966,1.5405962481778515,1.9707003557056333,3.1543576027905718,0.9303103626280136,1.6134648911439293,4.479483101804578,-1.49018208916225
74.0,1.981170021911567,-11.933391934967876,-13.914561956879412,4.926591047760354,7.966114128296315,-12.969337498524226,2.831189930978101,0.5403960371164431,2.190030547713848,-5.812938343463552,-5.252266682609301,-3.614774457938798
75.0,2.2241984337999723,-4.567067617450652,-6.79126605125069,1.2025818993183481,4.5324362568445,-5.651934788133647,-0.908510345877692,-3.114161375071495,-2.742366957581571,-2.5070690596851053,-5.184916819327805,-8.196908878112447
76.0,-0.792698220800448,3.1280983593335003,3.920796580133877,-1.1330022328446545,-2.324420723459187,3.548174230504854,1.766099402555861,-0.9874972895012764,4.267784502400975,3.9217447722817593,0.5390863086240274,2.294081140835929
77.0,-4.027186206975511,3.026248684340816,7.053434891316269,0.4607718127676428,-5.579774509692376,5.062602332085953,2.4998383185301862,3.949876578213168,1.4997977722792777,-1.5569680749164723,-2.824263387608367,1.5081305459849266
78.0,-7.356011211344071,-1.0004396388271182,6.355571572516929,4.221294290940007,-6.890904114141747,2.622304697350809,0.7117318506066636,-1.385384575707114,-1.9428209217490728,0.43072516346957745,3.563337094892047,3.165949839391719
79.0,-6.086157896188759,-2.502577245717796,3.583580650470953,4.261203711464124,-4.869269838590746,0.5653170698438401,-1.5997238906537026,-4.446357556166378,-0.12505862929007305,-0.23812442238118137,2.0102992474396952,3.2019874089328
80.0,-4.071596319421818,-3.0579902465502835,1.0136060728715028,3.5318952509050945,-2.5007449128168457,-1.0749776767338193,-1.4902534819862627,-2.074182363140029,-4.381812240977398,0.3275832396436191,0.9285200081174316,-5.637571599932096
81.0,11.29014168905392,2.8929632419075597,-8.397178447146386,-7.047738384048595,9.881492887011126,-2.725316218972729,-0.9019984509426233,4.413678863824001,2.597966959411297,3.415329289391683,3.0319095065811457,0.06246007402889897
82.0,7.241476649951184,3.803891396808132,-3.437585253143066,-5.5613308418111975,5.295183937648837,0.2108373539150572,1.9940219752856556,0.3515076018764678,2.8901424828885394,2.1854043919750494,1.8567760875444113,2.919037054120241
83.0,1.3686095019882458,-0.283495272032503,-1.6521047740207568,-0.5068402161436754,1.5436040317549118,-0.9385921661467808,1.880837348994995,0.6180542053870992,0.23204771475168728,-2.1885259563716715,-2.9900416553751583,0.8799954578184209
84.0,4.925117736423178,3.7862525735244605,-1.1388651628986781,-4.32407372216884,2.988213358117272,1.2767363193505044,-6.42333264611811,0.06969188912264457,-3.262541931330845,-1.1578506298185791,-0.7206087945348281,-1.8494156022373955
85.0,-0.8885184323014427,-2.2227001778088114,-1.334181745507278,1.5053110069472615,0.26171450314512046,-1.8215632698515372,-5.338504278163872,-3.392073387401011,-0.9470706240121981,-4.141877402728207,-7.554575692535891,-3.57839760385062
86.0,-2.64162500973296,-0.1967354182786647,2.4448895914543227,1.445812611532666,-2.5000784305195136,1.1647305225719393,4.690895380447614,2.7867176765839727,-1.340704803637835,-2.020673430424042,-0.7282918549779764,-0.2350612617175596
87.0,-11.132351843474831,-2.2337072646156964,8.898644578859086,6.630739644371063,-10.048662528965785,3.378958240900859,5.601409529476103,1.8578192943883298,3.9521578441411322,1.8599685366665213,4.019843318360888,3.8819123491743763
88.0,-4.491332530653279,-6.207995206297687,-1.716662675644519,5.377927745035934,-1.421775902201083,-3.9887395346631918,3.0685840711350485,-0.388297286110797,-0.7877044730305283,3.572094797800396,2.705224382858393,1.2069493053816815
89.0,-4.452600526091821,-3.4340803459820317,1.0185201801096557,3.975633201637546,-2.7753705563032303,-1.2294662869186506,0.8761674383374158,-0.6053041758739649,0.7551065307962201,1.4487879374798331,1.1411477406809318,-5.507729534741119
90.0,11.009008629045724,7.2079221482370315,-3.801086480808818,-9.148741351641245,7.435853672532738,1.6841568567903833,-0.9138311369271033,-1.1143919045747968,1.6065129653795351,-0.4338359616417147,-1.0184940549179666,2.2128895133383777
91.0,5.778018970716184,3.128716573171327,-2.649302397544833,-4.407127109427032,4.236165166067325,0.2984959292527721,-2.112879951331905,-2.737525660507488,-0.6069538296092747,-0.2073823330652268,0.625512426003612,1.4791545444679048
92.0,3.9524970064449843,2.0271104204118866,-1.9253865860329529,-3.01397392394817,2.955776055538113,0.02686949020691695,-3.8333186642758452,0.5974059481949565,-3.283127987873081,-0.7272232577092901,2.451220778446893,5.194672334028743
93.0,-1.8102525163244803,4.074716102352383,5.884968618677014,-1.148697869371503,-3.8319086263199167,4.949015893957656,-4.287165843824387,1.8356455139608236,2.654499427953506,0.5691260425632914,-0.32394570504135534,-1.0414445334048827
94.0,-5.833148804096143,-1.1605140666099345,4.672634737486257,3.4863238768750935,-5.312147146494497,1.7955716710657854,-1.029649634008537,0.10060930674496338,-2.4540196072789704,-2.747322349295016,-5.306730861422072,-2.0925854936471238
95.0,-1.9637798161788678,-9.212938742284395,-7.249158926105563,5.581201259249357,2.669762397329528,-8.27857777885563,4.246740845087812,-0.6500402798687193,-0.1932540291895114,-1.6214211952635087,-4.194866983096571,-3.33828373965121
96.0,-2.0339422766246056,-1.7737964632505019,0.2601458133740304,1.9755559140633014,-1.1108119684919262,-0.732020424173482,2.4982190926292733,3.4307247727852888,0.7084277566259887,4.254119214917256,8.661311943503229,-6.4155675417336315
97.0,2.6749692645219354,-1.8204709647558315,-4.495440229277793,-0.4379363933137901,3.550865731750191,-3.1364181251509438,0.6781354377863282,-0.9446628143869331,-0.7076809603992336,-1.769073761270048,-1.67397473508175,4.225681832054555
98.0,2.8976469819599093,2.4857193477071093,-0.41192763425274737,-2.709795133107896,1.625506393936082,1.0586900894237024,3.720293351530586,-3.36345249736225,2.61808491184066,1.4764137816339178,-1.45469288498063,2.6562054319795934
99.0,-0.8625707941276626,7.006321287786843,7.86889208191457,-3.1004748676389466,-4.315381918645669,7.383809256601912,2.799994811703368,3.599794940338814,0.9854966738642584,0.6490424379828585,-0.4602080540238281,3.826194611748366
100.0,8.6630747935239,10.27277930110739,1.6097045075834626,-9.508175394362745,3.4953572503060872,5.9709070004746305,-6.8018822666763255,0.5511853805510734,0.8431880387127207,-0.29312129954496174,1.4802615470335763,1.957489541442612
101.0,-1.9246942859477163,-7.473236966674662,-5.548542680727039,4.727525240037356,1.7755496702810882,-6.5553034313730745,-3.796351528947584,-0.1891399295719442,-1.1573975278591386,-1.813982047405318,-1.1797048296416421,-8.316327342507487
102.0,-4.847001141237969,-8.735088293113114,-3.888087151875255,6.814317482690156,-0.44179190750839836,-6.274025998368843,-2.6064807013392937,-6.182445139475275,-3.2852395612883925,-2.16436421346173,-2.1336492170971577,-2.5388656133419456
103.0,-9.450867835189312,-5.875919414108651,3.5749484210805216,7.687841551993703,-6.477235483325255,-1.1120708093542366,1.5459241727631403,-1.5646357957716897,-3.710639864095231,2.310357151906574,3.6529355185478662,5.8616352316514515
104.0,-10.90672995710266,0.674115984823489,11.58084594192601,5.148153267089499,-11.284660490093925,6.085363169969243,6.027221198537107,0.8753669106526213,3.27830523066334,2.1948396001241166,4.965381489710171,8.470414335916711
105.0,0.18354036977753596,3.239725072468348,3.0561847026907407,-1.7472527964576845,-1.391940117980075,3.1019454347568183,5.470425144874147,4.705516294296848,2.6411847226594674,-0.29034980356639284,-1.991591939784309,-4.616950509374866
106.0,12.973845936919862,10.581946979117332,-2.3918989578024945,-11.801928338122256,7.658097586726385,4.123041435065694,1.6804183891743412,4.272329893387727,1.9541546264269274,-0.1192564626497353,-3.251898491246011,0.27507752996673185
107.0,19.718538858302,0.3874855422525876,-19.331053316049278,-10.06865188144625,19.510696927806038,-9.447640053705836,-6.54899846074899,-1.5973128965584196,-1.1169385664505271,-3.627354663057045,-6.175405486341902,-6.793214913488921
108.0,14.667248213947012,0.8958714781414642,-13.771376735805362,-7.794279610226197,14.214873474283976,-6.415148792215307,-15.003604910132157,1.71771876178346,-0.4100838665620504,0.3256545942964202,1.7511335567924928,-5.653386486160045
109.0,-8.397615930494412,-3.973750839397215,4.423865091097311,6.248631498222825,-6.4081458599926275,0.17043077369421722,-0.4984482201650602,-4.234970808275464,-1.5417401003099849,2.7167592457416054,4.091912973634315,-2.7188166304221406
110.0,-16.65709776222574,1.4060705113314778,18.0631682735572,7.601714210108594,-17.353985648577797,9.763044997716953,8.402991486944334,-2.737930074783445,-1.5112946805988696,0.49369566463521475,0.2678194181196383,14.040077163662017
111.0,-14.736872209574749,-7.129635945317275,7.607236264257319,10.8987214799015,-11.165969149454424,0.2731653080393279,12.050679033316934,3.0257366401422634,3.81681474642674,0.5027279798001896,1.9801643591269367,2.3396320310419565
112.0,-16.355201076568058,-5.744797061705633,10.610404014862226,11.08337285771491,-13.480007598465807,2.3944131248589766,5.889492985501119,-0.10921875660758817,-1.6506218705081694,-0.6624778129577567,0.8464177237273944,-1.320591675417616
113.0,-1.4664491525199095,-3.8512432566580053,-2.3847941041382894,2.683706604499347,0.4561483602538656,-3.151814002327969,-2.757910730777091,-3.0982510239427166,-1.127955123707914,-3.5607104209838725,-2.000192693126646,-5.64689559601037
114.0,18.93061119645942,7.346407908088402,-11.584203288371153,-13.196858142853989,15.24689217032407,-2.071575461471215,-9.92649577368104,-1.0209614140494156,0.245204873509356,-0.3624407806749155,-5.002306039918425,-3.1792817916191396
115.0,19.251858920962775,12.61100549153589,-6.640853429427002,-15.91078274010319,12.927566689761518,2.9538208316815693,-8.023462390016832,1.6129917698075429,0.9007966151435352,3.8981801704013,0.4928236040770839,2.8232966109020037
116.0,13.11919234617032,2.758692330321481,-10.360500015848906,-7.913877842798382,11.791520122389343,-3.754621343238638,-0.4482156732213127,2.2090647237001733,-3.026163858263849,2.0273652806216274,4.120518443827863,6.675596483439382
117.0,-5.621459112547547,-1.6644150630629126,3.957044049484601,3.675013176688169,-4.824120766482292,1.1125424095496175,4.380853986366205,4.038853497111441,3.194940510579192,-0.5244041541681776,4.852099746759841,3.2562769273517
118.0,-7.802460112068492,-1.0876484914556477,6.714811620612832,4.4058813238293775,-7.22186451055309,2.7797987931602366,0.33379576538502453,0.25443904528381034,2.7537121559274347,-1.2336235098003259,-2.549963435783974,-1.055769523165129
119.0,-12.987372631026485,-12.622796687776766,0.3645759432496787,12.771998201018173,-6.724381057602179,-6.081827194876282,4.894753792906883,-3.2546609963684445,-0.7543028761632398,-2.991747358049455,-4.993188952999136,-9.365162339673335
120.0,-8.269864393166937,-6.078754231593673,2.1911101615732402,7.144859526746053,-5.205836409477984,-1.9704389745851938,3.1417366999633676,-3.1967834076390576,-3.0095290958101066,-3.550009727342765,-3.172514381825194,-7.7146408984387485
121.0,0.1281287449280475,2.1794729997718227,2.0513442548437384,-1.1032733702360922,-0.9415669818562709,2.173970821944779,2.4017556936738216,0.14000795684202716,-1.7773828947255694,1.4213570213544606,-0.9005229578308644,0.6654685065807335
122.0,9.665860193827278,5.199828619901367,-4.466031573925939,-7.382720975573678,7.004429947407433,0.3526619503959283,-5.3817240283214955,-0.9730974306808171,-1.9339849947572696,1.6544806642169894,2.331137296978834,2.9332851122211103
123.0,4.196017752180641,7.972616076431389,3.77659832425076,-6.1140320109786686,0.22688244616869468,5.8632967022675775,-3.812642835529635,2.07665971140766,3.8845950877049624,4.559724545133373,5.828027935435526,13.012055870543492
124.0,-0.8927902629899762,2.046881589897411,2.939671852887463,-0.60780644218202,-1.895607323462266,2.4798546813588,-1.7769501221233686,1.2622007030001012,2.6316657591553443,1.4059134315008401,4.575929033115946,0.6816303723591481
125.0,-4.011263261203777,-0.3394747226053747,3.6717885385985065,2.144020060243745,-3.81385619622213,1.645108731560454,3.0815563327893836,-0.44814863601637134,1.7679035271377177,3.562067469540246,4.5372240407901705,-2.1611024975487387
126.0,0.02529028383082066,-3.1000180596825864,-3.125308343513307,1.584745864637556,1.533904158973462,-3.1453373670392475,0.3000234027115434,2.9746583085713674,-0.6346988965067963,-2.05589328443028,-7.857883160880811,-3.0778720016831382
127.0,1.5698200560790307,0.6772785702778799,-0.8925414858011078,-1.0758526363062275,1.278921244060732,-0.07407426785367743,0.5531202876873449,-0.8065695281189292,-2.247737466836839,-5.284185948734666,-7.105275915974539,-1.4868538726486142
128.0,0.18739748766792214,-6.114752199219179,-6.302149686887131,2.9327010973528544,3.222447254419093,-6.1847574274423565,-1.4818762753416754,-1.4998635278865953,-4.3858184479138895,-5.1665632097660925,-3.594791469366379,-1.6326788253024125
129.0,6.148192146363819,-6.419196199673982,-12.567388346037882,0.1037030402128094,9.340373878271466,-9.474214172728203,-0.016926035134527312,-2.9688973968728747,0.22035463730942229,-0.6297340197931329,-1.0915583455832838,-4.35159119974055
130.0,4.282382334118182,7.746791253068973,3.4644089189507445,-6.0484523806957124,0.3917083588398218,5.625975390813531,-0.3294786760751717,-2.0755899446422337,0.5016372940568995,0.6837745402069437,6.9541056083196455,2.7614078668829887
131.0,-4.506071934042209,2.5910954413161584,7.09716737535836,0.9992904519641896,-5.823119429271182,4.7915890218384884,1.9394613614000964,2.5007693446970416,0.5071483487941293,1.0961100758809148,1.2077841148239292,1.17226633141892
132.0,-11.222699793249674,-5.063207924510945,6.15949186873877,8.181341091583326,-8.640836507228121,0.5820289321266561,5.959305691134189,5.644931564556077,3.185547847944098,4.359233165095113,2.7124020883532785,1.5448896665177911
133.0,-3.3010484463786867,-0.6315534120484949,2.669495034330236,1.922960859611404,-2.942665915971954,0.9807935042775044,-0.5177254759144523,-2.2137426033822516,0.7847208199293001,3.5015536528088917,0.30052213507353587,-2.3059339142072184
134.0,9.805536920118419,11.191768676766777,1.3862317566483822,-10.46523307358473,4.167119255489275,6.254557022279369,-4.135044771052347,-1.1182766218213764,1.8572530801558338,2.8232115736195116,-1.3522976281467278,5.7947647444827215
135.0,1.4031503423198788,3.8540439671097673,2.450893624789861,-2.674680998376635,-0.5701911608253596,3.196992679262665,-5.880654665544189,-0.6336239891660163,-0.6990919954280771,-0.6993812022536826,1.7652027503993213,2.2670358679564018
136.0,-0.5577123520850371,-5.431229096350253,-4.8735167442652845,3.027647381751928,2.18979078176918,-5.110425690027023,-1.0688057927427383,0.04753053740264901,-2.4527541149198986,-3.68379132499268,-0.2209321230897363,-2.601968944494488
137.0,-2.15409856706038,-8.67455534443196,-6.520456777371622,5.370397194075559,2.217710773553078,-7.638168952657744,3.072487677160246,-1.864607299801271,-4.6297225315166015,-5.811171357574768,-4.370814409590564,-2.9070648090863758
138.0,-2.704249407835926,-3.0473437056871937,-0.34309429785127143,2.9130671332180826,-1.219715598685183,-1.7393248097437137,0.6983507507648272,1.7594209907787528,0.7941845756552544,-1.3564127099762882,-0.36203216314491726,-1.3057977056150323
139.0,-1.8531830245229626,-1.5631100120442696,0.2900730124787405,1.748084188610787,-1.0258024492799827,-0.6035497138000059,3.6997781070802773,0.9890992082226135,-0.06627329842917837,0.17692690261838018,0.8604599052768975,-1.4255106683279222
140.0,7.215555185094011,7.566205217009013,0.35065003191505684,-7.427598006352798,3.4053701190547736,3.9920323594749307,0.24545211489651653,-0.04945313952920194,5.610822170725941,3.655263783950106,-0.24776557874935767,-1.6411332399179455
141.0,3.821250317730917,4.087865058058721,0.26661474032786847,-3.9904545598517425,1.754498465237543,2.2132870281972092,-1.2465619567596304,-0.19573778495724986,2.149965097675,2.1883058385809484,-4.321053853478858,-0.1723986892710499
142.0,1.37141251238992,-1.0048944878859025,-2.3763070002758035,-0.14108171709489126,1.8532202776354956,-1.730404427250451,-1.593979836130214,-3.463516027185255,-2.851401572828681,0.8898053034002644,2.8454766421442264,2.228981688012153
143.0,-0.8573066504441927,2.9094072652959806,3.7667139157401617,-1.064308720416309,-2.2535227281443855,3.3001008095998414,2.4314281467953425,5.058672636591025,-1.3437670132572668,0.6788544509262235,6.650936747914232,6.482049420166721
144.0,-4.261899006550429,1.824046237338234,6.085945243888654,1.2578225647512045,-5.194824933725334,3.9169398496759773,-3.0548395151650194,0.7771742268605402,-0.5137225703950128,1.2286214051646156,1.3384803039269442,2.890184231408517
145.0,-13.380892959220029,-13.834662967090724,-0.4537700078707103,13.567738107174083,-6.485287566223022,-7.105460539457656,5.568774885006624,-4.648978283130961,-3.5127104329318213,-5.925115618827042,-4.560101724285977,-5.906664787766479
146.0,-5.757889217099356,-3.6159874645313996,2.141901752567953,4.727881079140612,-3.893367547876787,-0.7013028258045826,-1.9596487466096235,-1.1143562372508609,2.989903734052712,-0.6119910330713596,0.3089003647487667,-1.0708498420427395
147.0,13.69662080350745,4.490297827168025,-9.206322976339418,-9.126387861863092,11.429137979922643,-2.325626376796839,-6.853408836558992,1.3226699595401983,-1.0253880871548964,0.9787026705338087,-3.021350718004728,-4.436654514350583
148.0,12.811483853354865,10.451687259724373,-2.3597965936305,-11.57903393553817,7.563310795498625,3.9961107468343227,-3.4742609446264527,1.998474804143211,1.2088815224046143,0.6315470541634324,-3.277808307094449,-0.4261668977455333
149.0,-0.807577023954301,0.72447750412777,1.5320545280820468,0.022235276478072663,-1.1923525542165656,1.1533484695920668,5.151902171053364,1.390985758746107,2.0272666460004256,0.5649219652412575,2.955597638446017,5.3997715437814096
150.0,-3.425808652603827,-2.7417865477038115,0.6840221049000014,3.0694137431204362,-1.9993074238367623,-1.086980768628045,6.534383598693307,-1.2858634787380043,0.4509407102130536,-0.10963494419553388,1.5803239691231277,0.31727973130331133
151.0,-4.062420006387833,-3.915257668413486,0.14716233797433298,3.975624139944916,-2.128965517334014,-1.8681849325264193,-3.2026121249577626,-1.3069336961134035,-0.7942192958840938,1.807986555103311,2.0148473984190214,-0.8270811399246976
152.0,-3.066862350878801,3.7004770014895927,6.767339352368394,-0.33349751260995664,-4.9427374074973205,5.245427845942547,4.501563048722315,2.0083315421913754,2.767683207695486,3.0643974565877405,5.817142440450944,1.8067834085620698
153.0,2.126848676832772,-0.02732719408795603,-2.154175870920709,-0.9954939565665595,2.191614428071495,-1.0821150990426536,0.2494843909809833,1.4447983402080302,-2.0140889628462,-0.6077524387526391,-2.3935362220556984,-0.49328276567940627
154.0,2.0525237653252075,-1.1440082253057247,-3.1965319906309313,-0.4894241728950285,2.5940401042624974,-2.1623752220346164,-9.471287028095443,-1.9423266711841816,-2.9080509536786465,-3.3203199154727585,-4.230890853179227,-2.903807659976194
155.0,-2.6945766768924666,-2.1414618343598226,0.5531148425325989,2.450189770920206,-1.5795753634302068,-0.7849092855828784,0.10205518437022842,-3.302704070654595,-2.494556638001633,-2.1028065909461615,-4.222235938394681,1.4874132180596724
156.0,-3.928579263648708,-5.973834216441188,-2.0452549527925665,4.89491024482763,-0.9813783024424473,-3.997533112553113,7.600530044789116,0.8661646248149397,-1.599173036930652,-3.1018305506575827,-5.447358129707489,-3.6451584086662376
157.0,-3.4615835832867745,-0.21402394660457402,3.2475596366821233,1.8544120434853408,-3.4003341965567175,1.4531021564414153,-0.6693654713388644,1.0547940343170361,3.4511248702479254,0.4554835572630488,2.860709756415859,2.2913123590620197
158.0,3.817075754451363,4.311777239035096,0.4947014845837001,-4.048425088165997,1.6883545762990924,2.4208638555354725,-6.288365744544119,-3.443845988384712,0.7977246843082888,1.1895863808649478,6.6899463105841335,1.319482476855366
159.0,10.077596172326547,7.417354567023457,-2.6602416053030487,-8.726771286773271,6.391818604322034,2.397866554308659,-2.86527654652414,3.6895841581955997,1.5868049313695853,4.439435749303971,5.259661175458952,2.5119085601976288
160.0,-3.2505639322368722,1.5052247380882569,4.755788670325196,0.9020044767954545,-3.981943552312751,3.1508841332110733,5.4349343996244865,4.173547198429475,5.014663418343422,3.0089380442601055,1.0574919650448673,-0.568189926066953
161.0,-3.3100275929807887,-3.3513187209135102,-0.04129112793266598,3.291367006325009,-1.6118685185103525,-1.7536544787328996,3.8964765540047934,0.17408015228857265,0.35102355094958426,0.678073680894453,-4.291950741209863,-1.8223436005942424
162.0,3.7540537915030057,-0.7714276975032437,-4.525481489006218,-1.5217025478278516,4.087340807834625,-2.625463872014161,-2.5063703664401613,-4.27590359324558,-5.388806208723599,-3.3589462134809174,-2.4919178463269844,-3.2044249202069675
163.0,1.2837450710575622,-3.0014699861674377,-4.285215057224978,0.8342094750611788,2.7377438000783485,-3.6178103127910655,1.3387011405760365,1.0559252184105627,-2.36945351745186,0.4687244529225598,-1.975457285873789,2.968631559299058
164.0,-1.0997992029098032,-1.7946572552189415,-0.6948580523091434,1.5030587201362873,-0.16347724338634126,-1.21571498731407,-0.5968200652165739,-2.566229686405409,-2.316923950311124,-2.9594502445197595,-0.2962682155687235,0.17893419351087247
165.0,-3.111516610125963,-2.269854948583848,0.8416616615420984,2.6657161683221364,-1.9296772875891135,-0.7595841546927677,-0.29126640998440434,1.3461358186007484,0.951532074519829,-4.139312270104728,-1.0334954304447534,-1.7425107735026393
166.0,-4.251643403017304,5.184214804332695,9.435858207349986,-0.4175789460700021,-6.867029386736759,7.269236423489179,-2.5750173338979483,-1.1406324682993032,0.14800015829155044,0.25825395092961356,0.839500169850021,2.329257065298386
167.0,-2.246723931807902,1.7263856495557257,3.9731095813636066,0.22285915581258536,-3.1244350042797016,2.892895474560147,1.9156674564799867,-0.39433780612293245,3.192758163926617,3.707026223664934,3.097033707354844,-1.3908959492045863
168.0,2.9868633029583807,1.579742178775136,-1.4071211241832766,-2.2505849893820367,2.1908254916076766,0.05671154814579782,-0.9759294669630765,1.7353276901955903,0.27329705190337705,1.1720211026930216,1.7908792619832838,2.580245797835092
169.0,4.119483796395633,-1.8867940306552526,-6.006277827050921,-1.1717762122702273,5.063956743522002,-3.8903886844333186,-1.792463964498303,-0.4650816380608429,1.6616796242224223,3.5897771330121735,0.11769386224359679,-1.1675139703772774
170.0,-1.4179272348290937,-7.361063472596808,-5.943136237767762,4.403762657318661,2.269059919506558,-6.667052119288927,3.4003284164869982,1.1463586905250436,1.28911440138424,-0.8223554717283711,-4.0653603624322745,-2.5315765854952836
171.0,4.533460772771586,4.787739996492663,0.25427922372107714,-4.6537471933832,2.1487232131659235,2.5133417428722673,1.1737672863157866,3.6592213831075027,-0.3443032846769838,-0.41414113811921777,1.788575005925269,1.6856221858304514
172.0,-1.200456362794983,2.5345349074744505,3.734991270269447,-0.6646785877555716,-2.45951933472391,3.1325574783395442,-3.390548022120317,1.196890438341607,-0.8880817748497208,-0.9503030861664277,1.8290289068670025,1.8086163546557263
173.0,-2.685910854332707,-0.8548911734986808,1.8310196808340646,1.772019763410484,-2.2555493462146625,0.48813637166899526,0.5077664096651909,-3.1473510891440144,-2.085803886990949,-0.8947759262061383,0.3954049864161352,-1.7202760459627309
174.0,-3.252271388276389,-2.3413009827988205,0.9109704054776437,2.801387053673009,-2.0885476749382157,-0.716707564947543,1.1640452524063745,-8.343458890296642,-5.5244948199053425,-6.570579769781386,-5.642012483109671,-4.513345149448817
175.0,5.812808927575766,1.5427605999217526,-4.2700483276539405,-3.6675014543433337,5.020932753838777,-1.370387271289172,-1.8037247027579835,-0.04507483715622573,-0.30626449879072215,-0.3155262430220773,-1.5033303392655883,1.5472135465630217
176.0,-1.2194789533161745,0.4957185884243326,1.7151975417405434,0.37874383904463527,-1.5030675627000878,1.0912513885036632,1.4036360147126532,4.6729077295883945,0.9407601519909738,4.785123226561872,1.9923990511262086,3.8167445212700004
177.0,-4.689742881766,-2.2925875498013655,2.397155331964618,3.4347175457327603,-3.5143224966433015,0.03030119568767117,0.4913353931825871,2.0808819496184627,4.37224203953039,4.278149318040406,2.352683742243833,1.1002288172459451
178.0,7.4979941095693485,5.187266194337302,-2.3107279152320954,-6.317625575372874,4.924057447831373,1.4888200260726108,-1.5588821007388498,0.5223219446869645,5.550353230515208,2.8312467570540263,4.044365394749491,0.6342918161686544
179.0,-1.5924059106142328,1.3396532796770142,2.93205919029118,0.15075761049927094,-2.2452960444862353,2.18282111844626,4.115430329892439,4.6943768822653995,3.1506956371645707,-0.14239796655102088,2.3744152077087115,0.3502499937147916
180.0,-7.122779234109647,-4.315828344188048,2.8069508899215316,5.661633410815892,-4.9434943961899735,-0.7872620756700441,0.6372762882085743,-2.3286816530503716,-4.6522140034534285,-3.624568310386126,-3.235746677183079,-1.5299627237123417
181.0,0.3810928119657795,-0.904245713880323,-1.2853385258461545,0.2783801293967936,0.7861709322281525,-1.1270895537197534,-6.511987594528317,-2.4657095152354236,-4.273697954798512,-3.5611713827415152,-2.818267385289809,-0.16154004570712432
182.0,8.857461294712863,1.8887717029548818,-6.968689591757974,-5.359352240645441,7.879633908709036,-2.5713691111630252,-1.4044572034161513,-2.80763573067402,-4.294130794480728,-3.888511513005682,-4.215781328065413,-2.8087985008695315
183.0,-0.11087672997313547,-4.246842622264577,-4.135965892291383,2.19277557844864,2.071526773931688,-4.143604374293387,0.7770627274127297,-2.10860534192984,-0.48339059880689783,-1.209050019392072,-4.180539634333243,-4.037773577925727
184.0,-11.437397924953203,-5.0724580819679765,6.364939842985333,8.273185864279744,-8.910224470367456,0.6151532603606131,4.899896528754212,-3.3602614323547715,2.494779284395567,4.3977516657018105,5.431160864488744,-1.9910202107868615
185.0,-0.8102337758057665,-1.3579193312217048,-0.5476855554158329,1.0317985976325263,-0.13486932604064839,-0.905657956129954,3.8600599018670145,6.754792659925818,2.1591398772898196,2.2388477601518835,2.368782025800769,5.838679316843794
186.0,1.9350305713823663,7.486667998231773,5.551637426849479,-4.673854491626042,-1.8127870370646129,6.486874534733991,0.29825571822751873,3.84591302641395,3.0802885148464263,5.133360762897581,4.980491049112983,4.870547070023731
187.0,8.980925531694908,10.335075578680414,1.354150046985529,-9.68933023494903,3.802065495468401,5.890271014990708,-6.589459259570676,4.592942027378913,2.5676116386299905,4.7407486991888845,4.375047317526985,3.6912608803705753
188.0,5.394055863478391,5.129066845242381,-0.26498901823604903,-5.206481374888987,2.807315154629532,2.397866608650577,-5.858949518450811,-3.8384934845744967,-1.0182124353632807,-4.898384290877871,-3.087118489117119,-2.4169980644065774
189.0,6.6507308503297375,-3.063604819582735,-9.71433566991252,-1.8146085835466406,8.22714437467883,-6.4244783785302495,0.6476060404582435,-5.896862202275868,-3.460299798437627,-7.769022144896362,-7.093596456125039,-2.890550498519093
190.0,-9.125064466345684,-7.823153695133387,1.301910771212254,8.449448124490765,-5.257306300718149,-3.2185778025631566,6.753676036121361,-1.7430603585712983,-2.8863674518344977,-2.1604813327279677,-4.0790658263042605,-3.345592859384242
191.0,-16.298110175142234,-17.12129876016822,-0.8231885850259807,16.67553315594679,-7.707332223633751,-9.009251783270205,3.5558518761515026,-2.560292468189494,-1.8398599077906161,-3.4893941458332063,-2.252670799242067,-2.3730763257116982
192.0,-3.353857225590037,-1.2993628851499075,2.05449434044012,2.357720444169324,-2.672852164607896,0.42070704945180193,0.25073905031741184,4.114775197692621,1.280107655470918,6.099100387721214,2.9738268607433715,-0.23125279065797133
193.0,8.884629677779762,13.770378660744885,4.8857489829650795,-11.310815959687222,1.9584311549301527,9.295948405648804,-2.2093873809512075,5.016026850520797,3.516175935308132,6.233084357706717,6.302320841522351,2.4174528179116517
194.0,10.652666825496077,10.112896280036068,-0.5397705454600619,-10.378308584807819,5.643149756626924,4.838426787068903,-5.709361365113409,2.463709545249329,2.4530497296821325,1.273363043335456,2.3986162187048454,3.623879085855826
195.0,-1.7539880341058804,0.009616660972082691,1.763604695077927,0.869067559413736,-1.7819690950445395,0.8655652805974907,-0.0664286197084305,-3.0163211388957456,-1.0384373964282014,-1.0804695664547364,1.311233072254882,3.3376000532720558
196.0,-6.922134658761486,-5.750130407387864,1.1720042513736393,6.3311648311512885,-4.065193872282565,-2.305199738906985,4.294773447131785,-2.584004322236015,-0.1617955342009225,-2.8728898099512,-0.7011466186093175,-2.9698817797896586
197.0,0.0045643866233169295,-3.7889012400536304,-3.7934656266769036,1.890801603491561,1.8805979701423294,-3.8047477897875064,0.4818338463448826,-1.0535292915335603,-2.4934468255661266,-3.367923433366763,-3.8987797102075876,-1.7831563456737893
198.0,-1.822717128850209,-4.587594080985221,-2.764876952134971,3.2113964845121057,0.447139829790435,-3.690347684403861,1.3727055773431718,-3.5966511836510335,-2.220465382451546,-1.1593521665508093,-5.20866124775802,-2.5991201686148924
199.0,5.194450286619098,-1.2960159218133316,-6.490466208432414,-1.9334783087989993,5.888287168372485,-3.8322502471916016,-2.2590630912082235,0.7918131591068331,1.4544514305831169,0.19330195247051318,-1.0896082158382083,0.5488975185976483
